0 0.145485 0.713763 0.100029 0.569777
0 0.0547159 0.748821 0.102573 0.502357
0 0.560163 0.734257 0.111091 0.504999
0 0.311318 0.74024 0.132996 0.519519
0 0.731565 0.730144 0.184694 0.539712
26 0.133625 0.81996 0.0539867 0.136062
26 0.600945 0.680759 0.0382599 0.125654
0 0.629705 0.687549 0.0830608 0.608975
0 0.625691 0.687184 0.0832399 0.601752
0 0.0187837 0.748829 0.0371632 0.474165
0 0.145485 0.713763 0.100029 0.569777
0 0.0547159 0.748821 0.102573 0.502357
0 0.560163 0.734257 0.111091 0.504999
0 0.311318 0.74024 0.132996 0.519519
0 0.731565 0.730144 0.184694 0.539712
26 0.133625 0.81996 0.0539867 0.136062
26 0.600945 0.680759 0.0382599 0.125654
0 0.629705 0.687549 0.0830608 0.608975
0 0.625691 0.687184 0.0832399 0.601752
0 0.0187837 0.748829 0.0371632 0.474165
0 0.145485 0.713763 0.100029 0.569777
0 0.0547159 0.748821 0.102573 0.502357
0 0.560163 0.734257 0.111091 0.504999
0 0.311318 0.74024 0.132996 0.519519
0 0.731565 0.730144 0.184694 0.539712
26 0.133625 0.81996 0.0539867 0.136062
26 0.600945 0.680759 0.0382599 0.125654
0 0.629705 0.687549 0.0830608 0.608975
0 0.625691 0.687184 0.0832399 0.601752
0 0.0187837 0.748829 0.0371632 0.474165
0 0.145485 0.713763 0.100029 0.569777
0 0.0547159 0.748821 0.102573 0.502357
0 0.560163 0.734257 0.111091 0.504999
0 0.311318 0.74024 0.132996 0.519519
0 0.731565 0.730144 0.184694 0.539712
26 0.133625 0.81996 0.0539867 0.136062
26 0.600945 0.680759 0.0382599 0.125654
0 0.629705 0.687549 0.0830608 0.608975
0 0.625691 0.687184 0.0832399 0.601752
0 0.0187837 0.748829 0.0371632 0.474165
