0 0.19954 0.725568 0.112182 0.548864
0 0.0446405 0.760806 0.08897 0.478388
0 0.465616 0.758065 0.138186 0.48387
0 0.768502 0.696281 0.122296 0.444228
0 0.543108 0.690508 0.126437 0.56338
0 0.861295 0.737514 0.0976241 0.280843
0 0.925397 0.71142 0.0817956 0.264208
0 0.19954 0.725568 0.112182 0.548864
0 0.0446405 0.760806 0.08897 0.478388
0 0.465616 0.758065 0.138186 0.48387
0 0.768502 0.696281 0.122296 0.444228
0 0.543108 0.690508 0.126437 0.56338
0 0.861295 0.737514 0.0976241 0.280843
0 0.925397 0.71142 0.0817956 0.264208
0 0.19954 0.725568 0.112182 0.548864
0 0.0446405 0.760806 0.08897 0.478388
0 0.465616 0.758065 0.138186 0.48387
0 0.768502 0.696281 0.122296 0.444228
0 0.543108 0.690508 0.126437 0.56338
0 0.861295 0.737514 0.0976241 0.280843
0 0.925397 0.71142 0.0817956 0.264208
0 0.199541 0.725566 0.112173 0.548868
0 0.0446431 0.760813 0.0889764 0.478374
0 0.465603 0.758068 0.138204 0.483865
0 0.768464 0.696302 0.12237 0.444213
0 0.543105 0.690512 0.126434 0.563376
0 0.861325 0.737485 0.0976742 0.280907
0 0.925417 0.711425 0.0817732 0.264199
