0 0.238051 0.707925 0.112608 0.576792
0 0.425558 0.671839 0.0717114 0.264251
0 0.0873495 0.750726 0.112571 0.481914
0 0.860544 0.687966 0.0762906 0.232842
0 0.692659 0.629107 0.1498 0.539562
0 0.596908 0.733058 0.127659 0.525416
0 0.81633 0.703359 0.113388 0.25553
0 0.463363 0.691799 0.0497233 0.213679
0 0.238051 0.707925 0.112608 0.576792
0 0.425558 0.671839 0.0717114 0.264251
0 0.0873495 0.750726 0.112571 0.481914
0 0.860544 0.687966 0.0762906 0.232842
0 0.692659 0.629107 0.1498 0.539562
0 0.596908 0.733058 0.127659 0.525416
0 0.81633 0.703359 0.113388 0.25553
0 0.463363 0.691799 0.0497233 0.213679
0 0.238054 0.707934 0.112611 0.576797
0 0.425547 0.671847 0.0716939 0.26425
0 0.087344 0.750728 0.112593 0.481925
0 0.860557 0.687983 0.0762827 0.232838
0 0.692669 0.629111 0.149791 0.539641
0 0.59688 0.733245 0.127596 0.525039
0 0.816335 0.703349 0.113389 0.255577
0 0.463371 0.691807 0.0497088 0.213673
