0 0.19678 0.716567 0.114972 0.566865
0 0.555761 0.723709 0.121961 0.549403
0 0.0779448 0.749302 0.119286 0.501396
0 0.713993 0.639581 0.0912933 0.473028
0 0.644759 0.665933 0.0792893 0.569415
0 0.911404 0.722024 0.17588 0.553261
0 0.446653 0.72857 0.121745 0.542861
0 0.375575 0.66294 0.0466906 0.259963
0 0.802268 0.689794 0.055608 0.239776
26 0.179149 0.826847 0.0578705 0.136795
0 0.19678 0.716567 0.114972 0.566865
0 0.555761 0.723709 0.121961 0.549403
0 0.0779448 0.749302 0.119286 0.501396
0 0.713993 0.639581 0.0912933 0.473028
0 0.644759 0.665933 0.0792893 0.569415
0 0.911404 0.722024 0.17588 0.553261
0 0.446653 0.72857 0.121745 0.542861
0 0.375575 0.66294 0.0466906 0.259963
0 0.802268 0.689794 0.055608 0.239776
26 0.179149 0.826847 0.0578705 0.136795
0 0.19678 0.716567 0.114972 0.566865
0 0.555761 0.723709 0.121961 0.549403
0 0.0779448 0.749302 0.119286 0.501396
0 0.713993 0.639581 0.0912933 0.473028
0 0.644759 0.665933 0.0792893 0.569415
0 0.911404 0.722024 0.17588 0.553261
0 0.446653 0.72857 0.121745 0.542861
0 0.375575 0.66294 0.0466906 0.259963
0 0.802268 0.689794 0.055608 0.239776
26 0.179149 0.826847 0.0578705 0.136795
0 0.19678 0.716567 0.114972 0.566865
0 0.555761 0.723709 0.121961 0.549403
0 0.0779448 0.749302 0.119286 0.501396
0 0.713993 0.639581 0.0912933 0.473028
0 0.644759 0.665933 0.0792893 0.569415
0 0.911404 0.722024 0.17588 0.553261
0 0.446653 0.72857 0.121745 0.542861
0 0.375575 0.66294 0.0466906 0.259963
0 0.802268 0.689794 0.055608 0.239776
26 0.179149 0.826847 0.0578705 0.136795
