0 0.0885601 0.752273 0.136466 0.483254
0 0.25856 0.717029 0.109017 0.559043
0 0.627676 0.690013 0.121568 0.578971
0 0.462266 0.685899 0.0740736 0.27854
0 0.567051 0.758897 0.124116 0.473789
0 0.877601 0.735203 0.145214 0.519011
0 0.765734 0.678017 0.102324 0.43872
26 0.717512 0.791164 0.079198 0.215897
26 0.241088 0.849646 0.056122 0.139939
26 0.20913 0.837472 0.0306998 0.22234
0 0.563668 0.753177 0.129804 0.478642
0 0.0216308 0.54379 0.0400886 0.157595
0 0.0885601 0.752273 0.136466 0.483254
0 0.25856 0.717029 0.109017 0.559043
0 0.627676 0.690013 0.121568 0.578971
0 0.462266 0.685899 0.0740736 0.27854
0 0.567051 0.758897 0.124116 0.473789
0 0.877601 0.735203 0.145214 0.519011
0 0.765734 0.678017 0.102324 0.43872
26 0.717512 0.791164 0.079198 0.215897
26 0.241088 0.849646 0.056122 0.139939
26 0.20913 0.837472 0.0306998 0.22234
0 0.563668 0.753177 0.129804 0.478642
0 0.0216308 0.54379 0.0400886 0.157595
