0 0.194495 0.727302 0.126782 0.538294
0 0.457034 0.755414 0.135837 0.479534
0 0.0415753 0.764902 0.0828119 0.458996
0 0.754945 0.697278 0.158141 0.446265
0 0.912808 0.712097 0.0852638 0.272303
0 0.863421 0.735912 0.107277 0.284599
0 0.531842 0.696144 0.124272 0.568484
0 0.194495 0.727302 0.126782 0.538294
0 0.457034 0.755414 0.135837 0.479534
0 0.0415753 0.764902 0.0828119 0.458996
0 0.754945 0.697278 0.158141 0.446265
0 0.912808 0.712097 0.0852638 0.272303
0 0.863421 0.735912 0.107277 0.284599
0 0.531842 0.696144 0.124272 0.568484
