0 0.196451 0.714461 0.114994 0.563085
0 0.556234 0.718821 0.121561 0.543486
0 0.7139 0.63961 0.0916281 0.472944
0 0.644795 0.665253 0.078942 0.567259
0 0.0790137 0.74613 0.116419 0.49459
0 0.446229 0.723726 0.121402 0.537281
0 0.375495 0.662863 0.0470495 0.260437
0 0.801863 0.688764 0.056208 0.241713
0 0.910485 0.723101 0.170444 0.546645
26 0.178952 0.826802 0.0583652 0.137704
0 0.0261601 0.738953 0.0518783 0.48774
0 0.0345709 0.747772 0.0675626 0.484106
0 0.196451 0.714461 0.114994 0.563085
0 0.556234 0.718821 0.121561 0.543486
0 0.7139 0.63961 0.0916281 0.472944
0 0.644795 0.665253 0.078942 0.567259
0 0.0790137 0.74613 0.116419 0.49459
0 0.446229 0.723726 0.121402 0.537281
0 0.375495 0.662863 0.0470495 0.260437
0 0.801863 0.688764 0.056208 0.241713
0 0.910485 0.723101 0.170444 0.546645
26 0.178952 0.826802 0.0583652 0.137704
0 0.0261601 0.738953 0.0518783 0.48774
0 0.0345709 0.747772 0.0675626 0.484106
0 0.196461 0.714463 0.115006 0.563079
0 0.556243 0.718823 0.121547 0.54348
0 0.713905 0.639615 0.0916212 0.472953
0 0.644792 0.665255 0.0789464 0.567289
0 0.078991 0.746127 0.116456 0.494606
0 0.446218 0.723731 0.121372 0.537258
0 0.37549 0.662862 0.0470419 0.260448
0 0.801874 0.688773 0.0561831 0.241702
0 0.910488 0.723113 0.170429 0.546638
26 0.178946 0.826802 0.0583467 0.137701
0 0.026167 0.738944 0.0518917 0.487729
0 0.0345736 0.747765 0.0675615 0.484114
