0 0.0813469 0.749115 0.141551 0.496767
0 0.257421 0.711612 0.107549 0.568537
0 0.725201 0.704326 0.132127 0.545065
0 0.566816 0.742877 0.0958887 0.498568
0 0.445453 0.681424 0.0659519 0.274102
0 0.823677 0.707836 0.128732 0.502811
0 0.629099 0.686892 0.0939291 0.58322
0 0.488847 0.704801 0.0420351 0.208902
0 0.628127 0.679283 0.0912735 0.588365
0 0.894598 0.696557 0.0745291 0.243381
26 0.232757 0.829849 0.0537905 0.139476
0 0.0813469 0.749115 0.141551 0.496767
0 0.257421 0.711612 0.107549 0.568537
0 0.725201 0.704326 0.132127 0.545065
0 0.566816 0.742877 0.0958887 0.498568
0 0.445453 0.681424 0.0659519 0.274102
0 0.823677 0.707836 0.128732 0.502811
0 0.629099 0.686892 0.0939291 0.58322
0 0.488847 0.704801 0.0420351 0.208902
0 0.628127 0.679283 0.0912735 0.588365
0 0.894598 0.696557 0.0745291 0.243381
26 0.232757 0.829849 0.0537905 0.139476
