0 0.0451659 0.751632 0.0901449 0.496736
0 0.698127 0.636571 0.101392 0.431628
0 0.132684 0.719486 0.100136 0.561029
0 0.974532 0.563207 0.050071 0.370479
0 0.624628 0.704466 0.133153 0.591068
0 0.305487 0.760296 0.107171 0.479409
0 0.132746 0.719627 0.101057 0.560745
0 0.223379 0.725913 0.10307 0.535228
26 0.113604 0.814031 0.0435112 0.129893
0 0.534236 0.733946 0.103762 0.509362
0 0.524672 0.73999 0.126242 0.514187
0 0.0451659 0.751632 0.0901449 0.496736
0 0.698127 0.636571 0.101392 0.431628
0 0.132684 0.719486 0.100136 0.561029
0 0.974532 0.563207 0.050071 0.370479
0 0.624628 0.704466 0.133153 0.591068
0 0.305487 0.760296 0.107171 0.479409
0 0.132746 0.719627 0.101057 0.560745
0 0.223379 0.725913 0.10307 0.535228
26 0.113604 0.814031 0.0435112 0.129893
0 0.534236 0.733946 0.103762 0.509362
0 0.524672 0.73999 0.126242 0.514187
0 0.0451659 0.751632 0.0901449 0.496736
0 0.698127 0.636571 0.101392 0.431628
0 0.132684 0.719486 0.100136 0.561029
0 0.974532 0.563207 0.050071 0.370479
0 0.624628 0.704466 0.133153 0.591068
0 0.305487 0.760296 0.107171 0.479409
0 0.132746 0.719627 0.101057 0.560745
0 0.223379 0.725913 0.10307 0.535228
26 0.113604 0.814031 0.0435112 0.129893
0 0.534236 0.733946 0.103762 0.509362
0 0.524672 0.73999 0.126242 0.514187
0 0.0451659 0.751632 0.0901449 0.496736
0 0.698127 0.636571 0.101392 0.431628
0 0.132684 0.719486 0.100136 0.561029
0 0.974532 0.563207 0.050071 0.370479
0 0.624628 0.704466 0.133153 0.591068
0 0.305487 0.760296 0.107171 0.479409
0 0.132746 0.719627 0.101057 0.560745
0 0.223379 0.725913 0.10307 0.535228
26 0.113604 0.814031 0.0435112 0.129893
0 0.534236 0.733946 0.103762 0.509362
0 0.524672 0.73999 0.126242 0.514187
0 0.0451715 0.751634 0.0901589 0.496732
0 0.698127 0.636558 0.101395 0.431631
0 0.132679 0.719488 0.100142 0.561024
0 0.974533 0.563203 0.0500695 0.370496
0 0.624632 0.704526 0.133163 0.590948
0 0.305477 0.760282 0.107191 0.479436
0 0.132741 0.719629 0.101059 0.560742
0 0.223374 0.725923 0.103059 0.535235
26 0.113603 0.814021 0.0435093 0.129932
0 0.534228 0.733947 0.103758 0.509329
0 0.524599 0.740014 0.126361 0.514204
