0 0.240336 0.712499 0.108356 0.569418
0 0.077356 0.752783 0.132136 0.484044
0 0.787104 0.686295 0.102431 0.439359
0 0.528739 0.743963 0.103923 0.504537
0 0.466089 0.695626 0.0547581 0.275129
0 0.890427 0.720936 0.128814 0.278062
0 0.930401 0.701528 0.0723313 0.264832
26 0.231224 0.849069 0.0609923 0.132294
0 0.0205121 0.538046 0.0395054 0.143814
0 0.582898 0.668167 0.0869216 0.569732
26 0.191809 0.869564 0.0379671 0.136199
0 0.240336 0.712499 0.108356 0.569418
0 0.077356 0.752783 0.132136 0.484044
0 0.787104 0.686295 0.102431 0.439359
0 0.528739 0.743963 0.103923 0.504537
0 0.466089 0.695626 0.0547581 0.275129
0 0.890427 0.720936 0.128814 0.278062
0 0.930401 0.701528 0.0723313 0.264832
26 0.231224 0.849069 0.0609923 0.132294
0 0.0205121 0.538046 0.0395054 0.143814
0 0.582898 0.668167 0.0869216 0.569732
26 0.191809 0.869564 0.0379671 0.136199
