0 0.241106 0.709101 0.108458 0.579479
0 0.0796742 0.752088 0.130743 0.493843
0 0.558246 0.738337 0.0809947 0.51059
0 0.241127 0.710105 0.109711 0.57979
0 0.429493 0.674843 0.0724966 0.26514
0 0.628454 0.729568 0.095626 0.478426
26 0.223009 0.818237 0.060408 0.136019
0 0.863003 0.696179 0.0855185 0.236446
0 0.469645 0.695014 0.0429166 0.200684
0 0.731011 0.656592 0.0808811 0.476893
0 0.241106 0.709101 0.108458 0.579479
0 0.0796742 0.752088 0.130743 0.493843
0 0.558246 0.738337 0.0809947 0.51059
0 0.241127 0.710105 0.109711 0.57979
0 0.429493 0.674843 0.0724966 0.26514
0 0.628454 0.729568 0.095626 0.478426
26 0.223009 0.818237 0.060408 0.136019
0 0.863003 0.696179 0.0855185 0.236446
0 0.469645 0.695014 0.0429166 0.200684
0 0.731011 0.656592 0.0808811 0.476893
0 0.241106 0.709101 0.108458 0.579479
0 0.0796742 0.752088 0.130743 0.493843
0 0.558246 0.738337 0.0809947 0.51059
0 0.241127 0.710105 0.109711 0.57979
0 0.429493 0.674843 0.0724966 0.26514
0 0.628454 0.729568 0.095626 0.478426
26 0.223009 0.818237 0.060408 0.136019
0 0.863003 0.696179 0.0855185 0.236446
0 0.469645 0.695014 0.0429166 0.200684
0 0.731011 0.656592 0.0808811 0.476893
0 0.241106 0.709101 0.108458 0.579479
0 0.0796742 0.752088 0.130743 0.493843
0 0.558246 0.738337 0.0809947 0.51059
0 0.241127 0.710105 0.109711 0.57979
0 0.429493 0.674843 0.0724966 0.26514
0 0.628454 0.729568 0.095626 0.478426
26 0.223009 0.818237 0.060408 0.136019
0 0.863003 0.696179 0.0855185 0.236446
0 0.469645 0.695014 0.0429166 0.200684
0 0.731011 0.656592 0.0808811 0.476893
0 0.241115 0.709106 0.108455 0.579479
0 0.0796692 0.752086 0.130765 0.493858
0 0.558237 0.73834 0.0810045 0.510584
0 0.241133 0.710107 0.109708 0.579786
0 0.429487 0.674847 0.0724721 0.26514
0 0.628451 0.729596 0.0956142 0.478513
26 0.223009 0.818234 0.0603988 0.136009
0 0.863008 0.69621 0.0855628 0.236479
0 0.469646 0.69502 0.0429101 0.200685
0 0.731016 0.65666 0.0808761 0.476717
