0 0.0842316 0.750035 0.136449 0.499929
0 0.257821 0.712742 0.106558 0.570922
0 0.725375 0.717767 0.132317 0.563738
0 0.444417 0.682691 0.068375 0.2726
0 0.825912 0.707583 0.12686 0.504944
0 0.565638 0.745194 0.0977986 0.509612
0 0.628034 0.680242 0.0913456 0.589157
0 0.488808 0.704943 0.0424586 0.208663
0 0.629049 0.691773 0.0932014 0.590283
0 0.899706 0.692747 0.0678098 0.240826
26 0.232898 0.828918 0.0537667 0.140135
0 0.0168973 0.809864 0.0335674 0.374908
0 0.0842316 0.750035 0.136449 0.499929
0 0.257821 0.712742 0.106558 0.570922
0 0.725375 0.717767 0.132317 0.563738
0 0.444417 0.682691 0.068375 0.2726
0 0.825912 0.707583 0.12686 0.504944
0 0.565638 0.745194 0.0977986 0.509612
0 0.628034 0.680242 0.0913456 0.589157
0 0.488808 0.704943 0.0424586 0.208663
0 0.629049 0.691773 0.0932014 0.590283
0 0.899706 0.692747 0.0678098 0.240826
26 0.232898 0.828918 0.0537667 0.140135
0 0.0168973 0.809864 0.0335674 0.374908
0 0.0842316 0.750035 0.136449 0.499929
0 0.257821 0.712742 0.106558 0.570922
0 0.725375 0.717767 0.132317 0.563738
0 0.444417 0.682691 0.068375 0.2726
0 0.825912 0.707583 0.12686 0.504944
0 0.565638 0.745194 0.0977986 0.509612
0 0.628034 0.680242 0.0913456 0.589157
0 0.488808 0.704943 0.0424586 0.208663
0 0.629049 0.691773 0.0932014 0.590283
0 0.899706 0.692747 0.0678098 0.240826
26 0.232898 0.828918 0.0537667 0.140135
0 0.0168973 0.809864 0.0335674 0.374908
0 0.0842316 0.750035 0.136449 0.499929
0 0.257821 0.712742 0.106558 0.570922
0 0.725375 0.717767 0.132317 0.563738
0 0.444417 0.682691 0.068375 0.2726
0 0.825912 0.707583 0.12686 0.504944
0 0.565638 0.745194 0.0977986 0.509612
0 0.628034 0.680242 0.0913456 0.589157
0 0.488808 0.704943 0.0424586 0.208663
0 0.629049 0.691773 0.0932014 0.590283
0 0.899706 0.692747 0.0678098 0.240826
26 0.232898 0.828918 0.0537667 0.140135
0 0.0168973 0.809864 0.0335674 0.374908
0 0.0842241 0.750035 0.136471 0.499931
0 0.257824 0.712744 0.106559 0.570933
0 0.725354 0.717745 0.132359 0.563794
0 0.444411 0.682694 0.0683605 0.272601
0 0.565636 0.745179 0.0978151 0.509643
0 0.825908 0.707592 0.126892 0.504966
0 0.628036 0.68025 0.0913557 0.589158
0 0.488811 0.704954 0.0424512 0.208659
0 0.629047 0.691797 0.093205 0.590301
0 0.899725 0.692753 0.0677718 0.240842
26 0.232894 0.828914 0.0537592 0.140149
0 0.0168962 0.809822 0.0335655 0.374996
