0 0.20464 0.712331 0.10889 0.575339
0 0.0868997 0.747638 0.109696 0.49927
0 0.715755 0.64594 0.103561 0.466278
0 0.473696 0.735356 0.115273 0.529288
0 0.392395 0.666783 0.0628904 0.256677
0 0.56764 0.696508 0.121332 0.603866
0 0.65081 0.668764 0.0876986 0.567941
0 0.823275 0.684457 0.0662687 0.237254
0 0.0347454 0.785334 0.0685182 0.422257
0 0.20464 0.712331 0.10889 0.575339
0 0.0868997 0.747638 0.109696 0.49927
0 0.715755 0.64594 0.103561 0.466278
0 0.473696 0.735356 0.115273 0.529288
0 0.392395 0.666783 0.0628904 0.256677
0 0.56764 0.696508 0.121332 0.603866
0 0.65081 0.668764 0.0876986 0.567941
0 0.823275 0.684457 0.0662687 0.237254
0 0.0347454 0.785334 0.0685182 0.422257
0 0.20464 0.712331 0.10889 0.575339
0 0.0868997 0.747638 0.109696 0.49927
0 0.715755 0.64594 0.103561 0.466278
0 0.473696 0.735356 0.115273 0.529288
0 0.392395 0.666783 0.0628904 0.256677
0 0.56764 0.696508 0.121332 0.603866
0 0.65081 0.668764 0.0876986 0.567941
0 0.823275 0.684457 0.0662687 0.237254
0 0.0347454 0.785334 0.0685182 0.422257
0 0.20464 0.712331 0.10889 0.575339
0 0.0868997 0.747638 0.109696 0.49927
0 0.715755 0.64594 0.103561 0.466278
0 0.473696 0.735356 0.115273 0.529288
0 0.392395 0.666783 0.0628904 0.256677
0 0.56764 0.696508 0.121332 0.603866
0 0.65081 0.668764 0.0876986 0.567941
0 0.823275 0.684457 0.0662687 0.237254
0 0.0347454 0.785334 0.0685182 0.422257
0 0.204641 0.712329 0.108869 0.575342
0 0.0869013 0.747637 0.109715 0.499271
0 0.715755 0.645962 0.103559 0.466278
0 0.473681 0.73535 0.115243 0.529301
0 0.392389 0.666791 0.0629049 0.25668
0 0.567652 0.696515 0.121313 0.603867
0 0.650814 0.668776 0.0876936 0.567991
0 0.823287 0.684473 0.0662643 0.237278
0 0.0347443 0.78532 0.0685136 0.422274
