0 0.255852 0.710441 0.108754 0.572656
0 0.0805461 0.749202 0.140138 0.498427
0 0.624957 0.673493 0.082624 0.58675
0 0.568352 0.735933 0.0868735 0.509681
0 0.444121 0.6787 0.0669673 0.268135
0 0.706537 0.731102 0.104221 0.510375
0 0.887213 0.694083 0.074914 0.243359
0 0.801016 0.709605 0.129704 0.488383
0 0.485553 0.700457 0.0426614 0.214485
0 0.255852 0.710441 0.108754 0.572656
0 0.0805461 0.749202 0.140138 0.498427
0 0.624957 0.673493 0.082624 0.58675
0 0.568352 0.735933 0.0868735 0.509681
0 0.444121 0.6787 0.0669673 0.268135
0 0.706537 0.731102 0.104221 0.510375
0 0.887213 0.694083 0.074914 0.243359
0 0.801016 0.709605 0.129704 0.488383
0 0.485553 0.700457 0.0426614 0.214485
