0 0.158267 0.715517 0.104525 0.568875
0 0.0588347 0.746519 0.109429 0.506961
0 0.792751 0.711477 0.190443 0.577047
0 0.5743 0.737625 0.12236 0.522582
0 0.636322 0.670698 0.081102 0.582662
0 0.429145 0.636701 0.0859275 0.383165
26 0.147135 0.823677 0.0526969 0.134644
0 0.336593 0.746127 0.116055 0.507747
0 0.684756 0.698952 0.0741452 0.582395
0 0.333808 0.750069 0.111935 0.490317
0 0.573215 0.737612 0.119967 0.52466
0 0.0190576 0.719392 0.0377253 0.42501
0 0.0154898 0.712893 0.0307135 0.413804
0 0.158267 0.715517 0.104525 0.568875
0 0.0588347 0.746519 0.109429 0.506961
0 0.792751 0.711477 0.190443 0.577047
0 0.5743 0.737625 0.12236 0.522582
0 0.636322 0.670698 0.081102 0.582662
0 0.429145 0.636701 0.0859275 0.383165
26 0.147135 0.823677 0.0526969 0.134644
0 0.336593 0.746127 0.116055 0.507747
0 0.684756 0.698952 0.0741452 0.582395
0 0.333808 0.750069 0.111935 0.490317
0 0.573215 0.737612 0.119967 0.52466
0 0.0190576 0.719392 0.0377253 0.42501
0 0.0154898 0.712893 0.0307135 0.413804
0 0.158267 0.715517 0.104525 0.568875
0 0.0588347 0.746519 0.109429 0.506961
0 0.792751 0.711477 0.190443 0.577047
0 0.5743 0.737625 0.12236 0.522582
0 0.636322 0.670698 0.081102 0.582662
0 0.429145 0.636701 0.0859275 0.383165
26 0.147135 0.823677 0.0526969 0.134644
0 0.336593 0.746127 0.116055 0.507747
0 0.684756 0.698952 0.0741452 0.582395
0 0.333808 0.750069 0.111935 0.490317
0 0.573215 0.737612 0.119967 0.52466
0 0.0190576 0.719392 0.0377253 0.42501
0 0.0154898 0.712893 0.0307135 0.413804
0 0.158267 0.715517 0.104525 0.568875
0 0.0588347 0.746519 0.109429 0.506961
0 0.792751 0.711477 0.190443 0.577047
0 0.5743 0.737625 0.12236 0.522582
0 0.636322 0.670698 0.081102 0.582662
0 0.429145 0.636701 0.0859275 0.383165
26 0.147135 0.823677 0.0526969 0.134644
0 0.336593 0.746127 0.116055 0.507747
0 0.684756 0.698952 0.0741452 0.582395
0 0.333808 0.750069 0.111935 0.490317
0 0.573215 0.737612 0.119967 0.52466
0 0.0190576 0.719392 0.0377253 0.42501
0 0.0154898 0.712893 0.0307135 0.413804
