0 0.217574 0.709141 0.117905 0.581719
0 0.088189 0.755831 0.113827 0.481125
0 0.715183 0.641407 0.080167 0.479395
0 0.412926 0.670568 0.0735864 0.262792
0 0.645116 0.688667 0.136725 0.606218
0 0.554462 0.718549 0.111634 0.473882
0 0.849874 0.688457 0.0731864 0.233672
0 0.011291 0.539352 0.022291 0.156187
26 0.20894 0.817747 0.060022 0.131111
0 0.217574 0.709141 0.117905 0.581719
0 0.088189 0.755831 0.113827 0.481125
0 0.715183 0.641407 0.080167 0.479395
0 0.412926 0.670568 0.0735864 0.262792
0 0.645116 0.688667 0.136725 0.606218
0 0.554462 0.718549 0.111634 0.473882
0 0.849874 0.688457 0.0731864 0.233672
0 0.011291 0.539352 0.022291 0.156187
26 0.20894 0.817747 0.060022 0.131111
0 0.217574 0.709141 0.117905 0.581719
0 0.088189 0.755831 0.113827 0.481125
0 0.715183 0.641407 0.080167 0.479395
0 0.412926 0.670568 0.0735864 0.262792
0 0.645116 0.688667 0.136725 0.606218
0 0.554462 0.718549 0.111634 0.473882
0 0.849874 0.688457 0.0731864 0.233672
0 0.011291 0.539352 0.022291 0.156187
26 0.20894 0.817747 0.060022 0.131111
0 0.217574 0.709141 0.117905 0.581719
0 0.088189 0.755831 0.113827 0.481125
0 0.715183 0.641407 0.080167 0.479395
0 0.412926 0.670568 0.0735864 0.262792
0 0.645116 0.688667 0.136725 0.606218
0 0.554462 0.718549 0.111634 0.473882
0 0.849874 0.688457 0.0731864 0.233672
0 0.011291 0.539352 0.022291 0.156187
26 0.20894 0.817747 0.060022 0.131111
