0 0.21099 0.712358 0.108119 0.575285
0 0.707917 0.641893 0.101379 0.477546
0 0.406097 0.669699 0.0707822 0.255847
0 0.497786 0.735232 0.112514 0.529537
0 0.0917686 0.749953 0.107939 0.492494
0 0.628681 0.687884 0.161335 0.577732
0 0.83705 0.684388 0.0790531 0.230727
0 0.0352557 0.782168 0.0700736 0.432101
0 0.21099 0.712358 0.108119 0.575285
0 0.707917 0.641893 0.101379 0.477546
0 0.406097 0.669699 0.0707822 0.255847
0 0.497786 0.735232 0.112514 0.529537
0 0.0917686 0.749953 0.107939 0.492494
0 0.628681 0.687884 0.161335 0.577732
0 0.83705 0.684388 0.0790531 0.230727
0 0.0352557 0.782168 0.0700736 0.432101
0 0.21099 0.712358 0.108119 0.575285
0 0.707917 0.641893 0.101379 0.477546
0 0.406097 0.669699 0.0707822 0.255847
0 0.497786 0.735232 0.112514 0.529537
0 0.0917686 0.749953 0.107939 0.492494
0 0.628681 0.687884 0.161335 0.577732
0 0.83705 0.684388 0.0790531 0.230727
0 0.0352557 0.782168 0.0700736 0.432101
0 0.21099 0.712358 0.108119 0.575285
0 0.707917 0.641893 0.101379 0.477546
0 0.406097 0.669699 0.0707822 0.255847
0 0.497786 0.735232 0.112514 0.529537
0 0.0917686 0.749953 0.107939 0.492494
0 0.628681 0.687884 0.161335 0.577732
0 0.83705 0.684388 0.0790531 0.230727
0 0.0352557 0.782168 0.0700736 0.432101
