0 0.158162 0.713118 0.104746 0.565859
0 0.792156 0.709659 0.190738 0.574508
0 0.0663625 0.742628 0.126773 0.502138
0 0.636295 0.665115 0.0810567 0.575969
0 0.429123 0.635183 0.0855411 0.386894
0 0.572224 0.732325 0.115636 0.513781
0 0.576869 0.732591 0.125018 0.518605
26 0.147519 0.823326 0.0531265 0.135381
0 0.684792 0.693169 0.0734656 0.57014
0 0.335411 0.745237 0.114611 0.483102
0 0.337841 0.742276 0.11793 0.4985
0 0.158162 0.713118 0.104746 0.565859
0 0.792156 0.709659 0.190738 0.574508
0 0.0663625 0.742628 0.126773 0.502138
0 0.636295 0.665115 0.0810567 0.575969
0 0.429123 0.635183 0.0855411 0.386894
0 0.572224 0.732325 0.115636 0.513781
0 0.576869 0.732591 0.125018 0.518605
26 0.147519 0.823326 0.0531265 0.135381
0 0.684792 0.693169 0.0734656 0.57014
0 0.335411 0.745237 0.114611 0.483102
0 0.337841 0.742276 0.11793 0.4985
0 0.158159 0.713124 0.104758 0.565856
0 0.792192 0.709657 0.190676 0.574517
0 0.0663976 0.742634 0.126854 0.502143
0 0.636299 0.665089 0.0810526 0.57597
0 0.429126 0.635174 0.085549 0.386929
0 0.572212 0.732327 0.115597 0.513734
0 0.576867 0.732653 0.125015 0.518489
26 0.147513 0.823329 0.053118 0.135377
0 0.684796 0.69317 0.0734398 0.570118
0 0.335397 0.745215 0.114571 0.483136
0 0.337827 0.742275 0.117898 0.498493
