0 0.251209 0.708635 0.104682 0.57728
0 0.0804785 0.748409 0.123145 0.49725
0 0.572005 0.738713 0.0915042 0.515425
26 0.231524 0.822936 0.0597794 0.136699
0 0.676923 0.731157 0.110735 0.468225
0 0.442414 0.674245 0.07265 0.274096
0 0.881774 0.695671 0.0674415 0.239863
0 0.762928 0.705959 0.115728 0.480619
0 0.480357 0.701349 0.0463681 0.209193
0 0.251209 0.708635 0.104682 0.57728
0 0.0804785 0.748409 0.123145 0.49725
0 0.572005 0.738713 0.0915042 0.515425
26 0.231524 0.822936 0.0597794 0.136699
0 0.676923 0.731157 0.110735 0.468225
0 0.442414 0.674245 0.07265 0.274096
0 0.881774 0.695671 0.0674415 0.239863
0 0.762928 0.705959 0.115728 0.480619
0 0.480357 0.701349 0.0463681 0.209193
0 0.251212 0.708631 0.104687 0.577279
0 0.0804733 0.748421 0.123161 0.497232
0 0.571987 0.738709 0.0914678 0.515414
26 0.231519 0.82294 0.0597682 0.136698
0 0.676913 0.73118 0.110697 0.468207
0 0.44241 0.674245 0.0726578 0.274103
0 0.88178 0.69569 0.0674298 0.239885
0 0.762917 0.705983 0.115707 0.480676
0 0.480363 0.701364 0.0463633 0.209177
