0 0.177707 0.726513 0.122133 0.538546
0 0.035802 0.766513 0.0709288 0.455901
0 0.441095 0.755443 0.119513 0.476188
0 0.915868 0.713619 0.0909115 0.271486
0 0.748725 0.696483 0.159163 0.463651
0 0.517589 0.685867 0.114812 0.574275
0 0.865164 0.740788 0.12593 0.275843
26 0.167311 0.877441 0.057166 0.138986
0 0.846727 0.742975 0.087184 0.271868
0 0.177707 0.726513 0.122133 0.538546
0 0.035802 0.766513 0.0709288 0.455901
0 0.441095 0.755443 0.119513 0.476188
0 0.915868 0.713619 0.0909115 0.271486
0 0.748725 0.696483 0.159163 0.463651
0 0.517589 0.685867 0.114812 0.574275
0 0.865164 0.740788 0.12593 0.275843
26 0.167311 0.877441 0.057166 0.138986
0 0.846727 0.742975 0.087184 0.271868
