0 0.234737 0.713646 0.115607 0.572708
0 0.07191 0.754836 0.127274 0.490327
0 0.787208 0.685586 0.102705 0.437108
0 0.532294 0.74888 0.144057 0.502239
0 0.933718 0.700231 0.0795637 0.270162
0 0.886184 0.716199 0.119892 0.285637
26 0.732765 0.786337 0.0831046 0.246019
0 0.46447 0.700583 0.0535259 0.259631
0 0.0181997 0.536525 0.0361747 0.126647
26 0.226831 0.848276 0.0630954 0.129984
0 0.86776 0.724451 0.0827634 0.269382
0 0.584585 0.679493 0.0776607 0.574663
0 0.234737 0.713646 0.115607 0.572708
0 0.07191 0.754836 0.127274 0.490327
0 0.787208 0.685586 0.102705 0.437108
0 0.532294 0.74888 0.144057 0.502239
0 0.933718 0.700231 0.0795637 0.270162
0 0.886184 0.716199 0.119892 0.285637
26 0.732765 0.786337 0.0831046 0.246019
0 0.46447 0.700583 0.0535259 0.259631
0 0.0181997 0.536525 0.0361747 0.126647
26 0.226831 0.848276 0.0630954 0.129984
0 0.86776 0.724451 0.0827634 0.269382
0 0.584585 0.679493 0.0776607 0.574663
0 0.234737 0.713646 0.115607 0.572708
0 0.07191 0.754836 0.127274 0.490327
0 0.787208 0.685586 0.102705 0.437108
0 0.532294 0.74888 0.144057 0.502239
0 0.933718 0.700231 0.0795637 0.270162
0 0.886184 0.716199 0.119892 0.285637
26 0.732765 0.786337 0.0831046 0.246019
0 0.46447 0.700583 0.0535259 0.259631
0 0.0181997 0.536525 0.0361747 0.126647
26 0.226831 0.848276 0.0630954 0.129984
0 0.86776 0.724451 0.0827634 0.269382
0 0.584585 0.679493 0.0776607 0.574663
