0 0.251229 0.710119 0.10452 0.579403
0 0.0827442 0.750854 0.121123 0.498291
26 0.231666 0.822928 0.0599318 0.135827
0 0.678695 0.731677 0.114565 0.469523
0 0.441365 0.674417 0.0707535 0.274063
0 0.572648 0.740165 0.0924443 0.516814
0 0.88246 0.694905 0.0679035 0.239763
0 0.76367 0.705019 0.117118 0.478053
0 0.480507 0.701563 0.046325 0.209074
0 0.251229 0.710119 0.10452 0.579403
0 0.0827442 0.750854 0.121123 0.498291
26 0.231666 0.822928 0.0599318 0.135827
0 0.678695 0.731677 0.114565 0.469523
0 0.441365 0.674417 0.0707535 0.274063
0 0.572648 0.740165 0.0924443 0.516814
0 0.88246 0.694905 0.0679035 0.239763
0 0.76367 0.705019 0.117118 0.478053
0 0.480507 0.701563 0.046325 0.209074
0 0.251229 0.710119 0.10452 0.579403
0 0.0827442 0.750854 0.121123 0.498291
26 0.231666 0.822928 0.0599318 0.135827
0 0.678695 0.731677 0.114565 0.469523
0 0.441365 0.674417 0.0707535 0.274063
0 0.572648 0.740165 0.0924443 0.516814
0 0.88246 0.694905 0.0679035 0.239763
0 0.76367 0.705019 0.117118 0.478053
0 0.480507 0.701563 0.046325 0.209074
0 0.251229 0.710119 0.10452 0.579403
0 0.0827442 0.750854 0.121123 0.498291
26 0.231666 0.822928 0.0599318 0.135827
0 0.678695 0.731677 0.114565 0.469523
0 0.441365 0.674417 0.0707535 0.274063
0 0.572648 0.740165 0.0924443 0.516814
0 0.88246 0.694905 0.0679035 0.239763
0 0.76367 0.705019 0.117118 0.478053
0 0.480507 0.701563 0.046325 0.209074
