0 0.152391 0.72278 0.105865 0.546462
0 0.0230016 0.794595 0.0455548 0.395661
0 0.922928 0.714336 0.0830015 0.263225
0 0.408892 0.752705 0.105487 0.476964
0 0.80686 0.704744 0.135545 0.447781
0 0.462942 0.650483 0.0761469 0.505709
0 0.860552 0.740969 0.0872407 0.282214
26 0.146712 0.859935 0.0612085 0.133371
0 0.789886 0.708649 0.0949064 0.434557
0 0.46216 0.6877 0.0825794 0.573597
0 0.152391 0.72278 0.105865 0.546462
0 0.0230016 0.794595 0.0455548 0.395661
0 0.922928 0.714336 0.0830015 0.263225
0 0.408892 0.752705 0.105487 0.476964
0 0.80686 0.704744 0.135545 0.447781
0 0.462942 0.650483 0.0761469 0.505709
0 0.860552 0.740969 0.0872407 0.282214
26 0.146712 0.859935 0.0612085 0.133371
0 0.789886 0.708649 0.0949064 0.434557
0 0.46216 0.6877 0.0825794 0.573597
0 0.152388 0.722782 0.10587 0.546459
0 0.0230053 0.794601 0.0455619 0.395653
0 0.922927 0.714354 0.0830099 0.263262
0 0.408874 0.752697 0.105503 0.476979
0 0.806963 0.704708 0.135738 0.447862
0 0.46294 0.65051 0.0761351 0.505745
26 0.146709 0.859937 0.0611973 0.133369
0 0.860557 0.740986 0.0872394 0.282163
0 0.789891 0.708613 0.0949198 0.434638
0 0.462161 0.687699 0.0825779 0.573598
