0 0.0513361 0.754166 0.102645 0.491668
0 0.211506 0.717378 0.111399 0.565243
0 0.479568 0.753456 0.13023 0.48993
0 0.557654 0.698986 0.0889956 0.532015
0 0.776171 0.691048 0.107571 0.44268
0 0.866031 0.730156 0.0985163 0.269889
0 0.927305 0.698345 0.0802515 0.247517
0 0.552495 0.689226 0.105474 0.566974
0 0.775767 0.691251 0.110195 0.440871
0 0.0513361 0.754166 0.102645 0.491668
0 0.211506 0.717378 0.111399 0.565243
0 0.479568 0.753456 0.13023 0.48993
0 0.557654 0.698986 0.0889956 0.532015
0 0.776171 0.691048 0.107571 0.44268
0 0.866031 0.730156 0.0985163 0.269889
0 0.927305 0.698345 0.0802515 0.247517
0 0.552495 0.689226 0.105474 0.566974
0 0.775767 0.691251 0.110195 0.440871
0 0.0513361 0.754166 0.102645 0.491668
0 0.211506 0.717378 0.111399 0.565243
0 0.479568 0.753456 0.13023 0.48993
0 0.557654 0.698986 0.0889956 0.532015
0 0.776171 0.691048 0.107571 0.44268
0 0.866031 0.730156 0.0985163 0.269889
0 0.927305 0.698345 0.0802515 0.247517
0 0.552495 0.689226 0.105474 0.566974
0 0.775767 0.691251 0.110195 0.440871
