0 0.197759 0.712646 0.1084 0.567092
0 0.0784891 0.746648 0.117697 0.492558
0 0.713673 0.642812 0.0970089 0.469935
0 0.564325 0.704654 0.11768 0.568967
0 0.3839 0.666653 0.0561611 0.256928
0 0.64545 0.667735 0.0872019 0.571356
0 0.456848 0.730507 0.118734 0.522213
26 0.179375 0.822625 0.0562495 0.137151
0 0.901802 0.776435 0.18401 0.439738
0 0.811062 0.688869 0.0682371 0.223525
0 0.197759 0.712646 0.1084 0.567092
0 0.0784891 0.746648 0.117697 0.492558
0 0.713673 0.642812 0.0970089 0.469935
0 0.564325 0.704654 0.11768 0.568967
0 0.3839 0.666653 0.0561611 0.256928
0 0.64545 0.667735 0.0872019 0.571356
0 0.456848 0.730507 0.118734 0.522213
26 0.179375 0.822625 0.0562495 0.137151
0 0.901802 0.776435 0.18401 0.439738
0 0.811062 0.688869 0.0682371 0.223525
