0 0.151446 0.724433 0.107458 0.549327
0 0.0230668 0.798083 0.0457504 0.403834
0 0.922701 0.713495 0.0831531 0.262585
0 0.409711 0.75689 0.105336 0.486221
0 0.806372 0.699881 0.135282 0.456722
0 0.462771 0.652062 0.0767558 0.508792
0 0.860672 0.742971 0.0880674 0.279836
26 0.146797 0.859372 0.0611092 0.131316
0 0.789752 0.704042 0.095444 0.44293
0 0.461246 0.694461 0.0843467 0.587308
0 0.151446 0.724433 0.107458 0.549327
0 0.0230668 0.798083 0.0457504 0.403834
0 0.922701 0.713495 0.0831531 0.262585
0 0.409711 0.75689 0.105336 0.486221
0 0.806372 0.699881 0.135282 0.456722
0 0.462771 0.652062 0.0767558 0.508792
0 0.860672 0.742971 0.0880674 0.279836
26 0.146797 0.859372 0.0611092 0.131316
0 0.789752 0.704042 0.095444 0.44293
0 0.461246 0.694461 0.0843467 0.587308
0 0.151446 0.724433 0.107458 0.549327
0 0.0230668 0.798083 0.0457504 0.403834
0 0.922701 0.713495 0.0831531 0.262585
0 0.409711 0.75689 0.105336 0.486221
0 0.806372 0.699881 0.135282 0.456722
0 0.462771 0.652062 0.0767558 0.508792
0 0.860672 0.742971 0.0880674 0.279836
26 0.146797 0.859372 0.0611092 0.131316
0 0.789752 0.704042 0.095444 0.44293
0 0.461246 0.694461 0.0843467 0.587308
