0 0.708815 0.639962 0.0936779 0.461524
0 0.640309 0.661947 0.074149 0.573112
0 0.408217 0.669297 0.101526 0.42073
0 0.579411 0.738117 0.102328 0.521118
0 0.0806399 0.748791 0.104923 0.502417
0 0.0337292 0.752189 0.0674584 0.48844
0 0.895554 0.72161 0.206904 0.554995
9 0.413462 0.353227 0.0708758 0.138883
0 0.0325179 0.743828 0.0650358 0.474954
0 0.188764 0.716757 0.114275 0.566486
9 0.397116 0.35531 0.0373457 0.1372
0 0.708815 0.639962 0.0936779 0.461524
0 0.640309 0.661947 0.074149 0.573112
0 0.408217 0.669297 0.101526 0.42073
0 0.579411 0.738117 0.102328 0.521118
0 0.0806399 0.748791 0.104923 0.502417
0 0.0337292 0.752189 0.0674584 0.48844
0 0.895554 0.72161 0.206904 0.554995
9 0.413462 0.353227 0.0708758 0.138883
0 0.0325179 0.743828 0.0650358 0.474954
0 0.188764 0.716757 0.114275 0.566486
9 0.397116 0.35531 0.0373457 0.1372
0 0.708815 0.639962 0.0936779 0.461524
0 0.640309 0.661947 0.074149 0.573112
0 0.408217 0.669297 0.101526 0.42073
0 0.579411 0.738117 0.102328 0.521118
0 0.0806399 0.748791 0.104923 0.502417
0 0.0337292 0.752189 0.0674584 0.48844
0 0.895554 0.72161 0.206904 0.554995
9 0.413462 0.353227 0.0708758 0.138883
0 0.0325179 0.743828 0.0650358 0.474954
0 0.188764 0.716757 0.114275 0.566486
9 0.397116 0.35531 0.0373457 0.1372
0 0.708815 0.639962 0.0936779 0.461524
0 0.640309 0.661947 0.074149 0.573112
0 0.408217 0.669297 0.101526 0.42073
0 0.579411 0.738117 0.102328 0.521118
0 0.0806399 0.748791 0.104923 0.502417
0 0.0337292 0.752189 0.0674584 0.48844
0 0.895554 0.72161 0.206904 0.554995
9 0.413462 0.353227 0.0708758 0.138883
0 0.0325179 0.743828 0.0650358 0.474954
0 0.188764 0.716757 0.114275 0.566486
9 0.397116 0.35531 0.0373457 0.1372
0 0.708813 0.639951 0.0936782 0.461528
0 0.640309 0.661951 0.0741383 0.573113
0 0.408218 0.669292 0.101515 0.420742
0 0.579393 0.738148 0.102321 0.521067
0 0.0806376 0.748786 0.104933 0.502428
0 0.0337286 0.752185 0.0674573 0.48844
0 0.895558 0.721618 0.206896 0.555008
9 0.413464 0.353235 0.070878 0.138884
0 0.0325173 0.743836 0.0650345 0.474969
0 0.18876 0.716761 0.114265 0.566478
9 0.397123 0.355314 0.0373576 0.137202
