0 0.17377 0.72887 0.118736 0.542261
0 0.504595 0.68166 0.109413 0.545281
0 0.0312596 0.771346 0.0620469 0.457309
0 0.424081 0.753167 0.0940454 0.493666
0 0.918413 0.714633 0.0831808 0.271227
0 0.867436 0.742335 0.129773 0.286436
0 0.783285 0.711896 0.0888155 0.426487
0 0.17377 0.72887 0.118736 0.542261
0 0.504595 0.68166 0.109413 0.545281
0 0.0312596 0.771346 0.0620469 0.457309
0 0.424081 0.753167 0.0940454 0.493666
0 0.918413 0.714633 0.0831808 0.271227
0 0.867436 0.742335 0.129773 0.286436
0 0.783285 0.711896 0.0888155 0.426487
0 0.17377 0.72887 0.118736 0.542261
0 0.504595 0.68166 0.109413 0.545281
0 0.0312596 0.771346 0.0620469 0.457309
0 0.424081 0.753167 0.0940454 0.493666
0 0.918413 0.714633 0.0831808 0.271227
0 0.867436 0.742335 0.129773 0.286436
0 0.783285 0.711896 0.0888155 0.426487
