0 0.262228 0.727929 0.120555 0.544142
0 0.137082 0.714943 0.101101 0.569779
26 0.113628 0.745254 0.0671694 0.421398
0 0.683286 0.721459 0.145336 0.557057
0 0.538948 0.731629 0.109479 0.506772
0 0.339568 0.742147 0.112553 0.515707
0 0.338679 0.763143 0.110268 0.467346
0 0.75174 0.674004 0.0673716 0.218851
0 0.262228 0.727929 0.120555 0.544142
0 0.137082 0.714943 0.101101 0.569779
26 0.113628 0.745254 0.0671694 0.421398
0 0.683286 0.721459 0.145336 0.557057
0 0.538948 0.731629 0.109479 0.506772
0 0.339568 0.742147 0.112553 0.515707
0 0.338679 0.763143 0.110268 0.467346
0 0.75174 0.674004 0.0673716 0.218851
0 0.262228 0.727929 0.120555 0.544142
0 0.137082 0.714943 0.101101 0.569779
26 0.113628 0.745254 0.0671694 0.421398
0 0.683286 0.721459 0.145336 0.557057
0 0.538948 0.731629 0.109479 0.506772
0 0.339568 0.742147 0.112553 0.515707
0 0.338679 0.763143 0.110268 0.467346
0 0.75174 0.674004 0.0673716 0.218851
0 0.262228 0.727929 0.120555 0.544142
0 0.137082 0.714943 0.101101 0.569779
26 0.113628 0.745254 0.0671694 0.421398
0 0.683286 0.721459 0.145336 0.557057
0 0.538948 0.731629 0.109479 0.506772
0 0.339568 0.742147 0.112553 0.515707
0 0.338679 0.763143 0.110268 0.467346
0 0.75174 0.674004 0.0673716 0.218851
0 0.262221 0.727928 0.120541 0.544145
0 0.137081 0.714952 0.10112 0.569773
26 0.113634 0.745234 0.0671808 0.421482
0 0.683311 0.721461 0.145292 0.557069
0 0.538943 0.731656 0.109464 0.50675
0 0.339548 0.742233 0.112598 0.515534
0 0.338663 0.763293 0.1103 0.467106
0 0.751742 0.674016 0.0673624 0.218847
