0 0.324194 0.726765 0.133286 0.546469
0 0.135124 0.717175 0.0997427 0.56565
0 0.235621 0.725974 0.114922 0.548053
0 0.636691 0.722336 0.161782 0.54987
0 0.233779 0.72688 0.115734 0.534434
26 0.118342 0.811932 0.0514019 0.137029
0 0.638132 0.719588 0.175563 0.555286
1 0.901358 0.648879 0.0512836 0.0736587
0 0.0464669 0.747902 0.0928224 0.498406
0 0.979912 0.580837 0.0391979 0.328992
0 0.477493 0.509721 0.068916 0.234802
0 0.685004 0.627275 0.0761792 0.424922
0 0.324194 0.726765 0.133286 0.546469
0 0.135124 0.717175 0.0997427 0.56565
0 0.235621 0.725974 0.114922 0.548053
0 0.636691 0.722336 0.161782 0.54987
0 0.233779 0.72688 0.115734 0.534434
26 0.118342 0.811932 0.0514019 0.137029
0 0.638132 0.719588 0.175563 0.555286
1 0.901358 0.648879 0.0512836 0.0736587
0 0.0464669 0.747902 0.0928224 0.498406
0 0.979912 0.580837 0.0391979 0.328992
0 0.477493 0.509721 0.068916 0.234802
0 0.685004 0.627275 0.0761792 0.424922
0 0.324194 0.726765 0.133286 0.546469
0 0.135124 0.717175 0.0997427 0.56565
0 0.235621 0.725974 0.114922 0.548053
0 0.636691 0.722336 0.161782 0.54987
0 0.233779 0.72688 0.115734 0.534434
26 0.118342 0.811932 0.0514019 0.137029
0 0.638132 0.719588 0.175563 0.555286
1 0.901358 0.648879 0.0512836 0.0736587
0 0.0464669 0.747902 0.0928224 0.498406
0 0.979912 0.580837 0.0391979 0.328992
0 0.477493 0.509721 0.068916 0.234802
0 0.685004 0.627275 0.0761792 0.424922
0 0.324194 0.726765 0.133286 0.546469
0 0.135124 0.717175 0.0997427 0.56565
0 0.235621 0.725974 0.114922 0.548053
0 0.636691 0.722336 0.161782 0.54987
0 0.233779 0.72688 0.115734 0.534434
26 0.118342 0.811932 0.0514019 0.137029
0 0.638132 0.719588 0.175563 0.555286
1 0.901358 0.648879 0.0512836 0.0736587
0 0.0464669 0.747902 0.0928224 0.498406
0 0.979912 0.580837 0.0391979 0.328992
0 0.477493 0.509721 0.068916 0.234802
0 0.685004 0.627275 0.0761792 0.424922
0 0.324188 0.726772 0.133299 0.546457
0 0.135122 0.717183 0.0997568 0.565634
0 0.235606 0.725968 0.114893 0.548064
0 0.23377 0.726873 0.115714 0.534424
0 0.636739 0.722345 0.161595 0.549869
0 0.63817 0.719602 0.175318 0.555273
26 0.118339 0.811935 0.0514048 0.137045
1 0.901358 0.648885 0.0512787 0.0736537
0 0.0464695 0.747911 0.0928294 0.498416
0 0.979906 0.580845 0.0392094 0.329043
0 0.477494 0.509726 0.0689079 0.234812
0 0.68497 0.62726 0.076096 0.424839
