0 0.0607369 0.751384 0.116877 0.497232
0 0.226379 0.713913 0.110595 0.571507
0 0.508418 0.758374 0.0949746 0.483252
0 0.932407 0.701138 0.0869408 0.261495
0 0.572936 0.70095 0.0792981 0.52492
0 0.782654 0.685751 0.102846 0.437178
0 0.45527 0.725288 0.0520219 0.218317
0 0.760016 0.68648 0.148851 0.43947
0 0.8671 0.724783 0.0925924 0.272278
0 0.883132 0.722019 0.122048 0.280681
0 0.0607369 0.751384 0.116877 0.497232
0 0.226379 0.713913 0.110595 0.571507
0 0.508418 0.758374 0.0949746 0.483252
0 0.932407 0.701138 0.0869408 0.261495
0 0.572936 0.70095 0.0792981 0.52492
0 0.782654 0.685751 0.102846 0.437178
0 0.45527 0.725288 0.0520219 0.218317
0 0.760016 0.68648 0.148851 0.43947
0 0.8671 0.724783 0.0925924 0.272278
0 0.883132 0.722019 0.122048 0.280681
0 0.0607369 0.751384 0.116877 0.497232
0 0.226379 0.713913 0.110595 0.571507
0 0.508418 0.758374 0.0949746 0.483252
0 0.932407 0.701138 0.0869408 0.261495
0 0.572936 0.70095 0.0792981 0.52492
0 0.782654 0.685751 0.102846 0.437178
0 0.45527 0.725288 0.0520219 0.218317
0 0.760016 0.68648 0.148851 0.43947
0 0.8671 0.724783 0.0925924 0.272278
0 0.883132 0.722019 0.122048 0.280681
0 0.0607302 0.751386 0.116864 0.497228
0 0.226383 0.71391 0.11058 0.571513
0 0.508434 0.758409 0.0949758 0.483181
0 0.9324 0.701147 0.0869324 0.261517
0 0.572946 0.700943 0.0792904 0.524936
0 0.782655 0.68576 0.10284 0.437182
0 0.759816 0.686478 0.149244 0.439473
0 0.455266 0.725284 0.0520166 0.218323
0 0.86711 0.724779 0.0926106 0.272299
0 0.883127 0.722024 0.122052 0.280718
