0 0.0908581 0.753908 0.127093 0.478719
0 0.251757 0.712556 0.102414 0.568436
0 0.784895 0.686836 0.099453 0.439935
0 0.611178 0.678148 0.0988793 0.56207
0 0.5418 0.741943 0.109523 0.508161
0 0.466811 0.689067 0.0591763 0.274969
26 0.24124 0.847246 0.061869 0.136305
26 0.219301 0.746295 0.0741037 0.392856
0 0.87252 0.706988 0.100997 0.30672
26 0.204327 0.824123 0.0451717 0.2301
0 0.0908581 0.753908 0.127093 0.478719
0 0.251757 0.712556 0.102414 0.568436
0 0.784895 0.686836 0.099453 0.439935
0 0.611178 0.678148 0.0988793 0.56207
0 0.5418 0.741943 0.109523 0.508161
0 0.466811 0.689067 0.0591763 0.274969
26 0.24124 0.847246 0.061869 0.136305
26 0.219301 0.746295 0.0741037 0.392856
0 0.87252 0.706988 0.100997 0.30672
26 0.204327 0.824123 0.0451717 0.2301
