0 0.0901751 0.754118 0.115957 0.487355
0 0.223446 0.709502 0.130225 0.580997
0 0.420759 0.668755 0.0671974 0.254365
0 0.574349 0.743609 0.134149 0.512781
0 0.72644 0.642494 0.0710832 0.482725
0 0.856689 0.685765 0.0731748 0.232697
26 0.21961 0.816228 0.0656277 0.129335
0 0.0123288 0.538147 0.0243999 0.158368
0 0.677119 0.67258 0.15618 0.620498
0 0.0901751 0.754118 0.115957 0.487355
0 0.223446 0.709502 0.130225 0.580997
0 0.420759 0.668755 0.0671974 0.254365
0 0.574349 0.743609 0.134149 0.512781
0 0.72644 0.642494 0.0710832 0.482725
0 0.856689 0.685765 0.0731748 0.232697
26 0.21961 0.816228 0.0656277 0.129335
0 0.0123288 0.538147 0.0243999 0.158368
0 0.677119 0.67258 0.15618 0.620498
0 0.0901751 0.754118 0.115957 0.487355
0 0.223446 0.709502 0.130225 0.580997
0 0.420759 0.668755 0.0671974 0.254365
0 0.574349 0.743609 0.134149 0.512781
0 0.72644 0.642494 0.0710832 0.482725
0 0.856689 0.685765 0.0731748 0.232697
26 0.21961 0.816228 0.0656277 0.129335
0 0.0123288 0.538147 0.0243999 0.158368
0 0.677119 0.67258 0.15618 0.620498
0 0.0901751 0.754118 0.115957 0.487355
0 0.223446 0.709502 0.130225 0.580997
0 0.420759 0.668755 0.0671974 0.254365
0 0.574349 0.743609 0.134149 0.512781
0 0.72644 0.642494 0.0710832 0.482725
0 0.856689 0.685765 0.0731748 0.232697
26 0.21961 0.816228 0.0656277 0.129335
0 0.0123288 0.538147 0.0243999 0.158368
0 0.677119 0.67258 0.15618 0.620498
