0 0.166971 0.725783 0.111602 0.544499
0 0.0307335 0.777164 0.0611368 0.445672
0 0.496543 0.674689 0.102849 0.537571
0 0.915168 0.714943 0.088476 0.268635
26 0.157601 0.86542 0.0598541 0.137447
0 0.785913 0.698077 0.0924234 0.423056
0 0.717861 0.82278 0.086568 0.222286
0 0.813146 0.701462 0.148603 0.445393
0 0.166971 0.725783 0.111602 0.544499
0 0.0307335 0.777164 0.0611368 0.445672
0 0.496543 0.674689 0.102849 0.537571
0 0.915168 0.714943 0.088476 0.268635
26 0.157601 0.86542 0.0598541 0.137447
0 0.785913 0.698077 0.0924234 0.423056
0 0.717861 0.82278 0.086568 0.222286
0 0.813146 0.701462 0.148603 0.445393
0 0.166971 0.725783 0.111602 0.544499
0 0.0307335 0.777164 0.0611368 0.445672
0 0.496543 0.674689 0.102849 0.537571
0 0.915168 0.714943 0.088476 0.268635
26 0.157601 0.86542 0.0598541 0.137447
0 0.785913 0.698077 0.0924234 0.423056
0 0.717861 0.82278 0.086568 0.222286
0 0.813146 0.701462 0.148603 0.445393
