0 0.233773 0.712084 0.117025 0.57035
0 0.0723021 0.751842 0.126979 0.486381
0 0.786901 0.685604 0.10271 0.43672
0 0.537329 0.744985 0.153326 0.495118
0 0.886822 0.718114 0.119395 0.28091
0 0.932782 0.699762 0.0812731 0.266668
26 0.732562 0.786198 0.0836287 0.246559
0 0.464189 0.701757 0.0542263 0.259103
0 0.511107 0.748895 0.0916772 0.49557
0 0.233773 0.712084 0.117025 0.57035
0 0.0723021 0.751842 0.126979 0.486381
0 0.786901 0.685604 0.10271 0.43672
0 0.537329 0.744985 0.153326 0.495118
0 0.886822 0.718114 0.119395 0.28091
0 0.932782 0.699762 0.0812731 0.266668
26 0.732562 0.786198 0.0836287 0.246559
0 0.464189 0.701757 0.0542263 0.259103
0 0.511107 0.748895 0.0916772 0.49557
0 0.233776 0.712085 0.117011 0.570358
0 0.0723016 0.75185 0.12697 0.486365
0 0.786902 0.685602 0.102701 0.436749
0 0.537337 0.744987 0.153324 0.495108
0 0.886819 0.718107 0.119374 0.280934
0 0.932798 0.699762 0.0813201 0.26668
26 0.732564 0.786198 0.0836216 0.246576
0 0.464187 0.701752 0.0542236 0.259122
0 0.511109 0.748891 0.0916632 0.495564
