0 0.166325 0.723938 0.111234 0.541357
0 0.030558 0.784208 0.0606742 0.41588
0 0.496181 0.674656 0.104042 0.539896
0 0.91531 0.715798 0.089009 0.268442
26 0.157608 0.86536 0.0598613 0.137871
0 0.785755 0.699877 0.0920801 0.42369
0 0.717786 0.822763 0.0868558 0.223872
0 0.166325 0.723938 0.111234 0.541357
0 0.030558 0.784208 0.0606742 0.41588
0 0.496181 0.674656 0.104042 0.539896
0 0.91531 0.715798 0.089009 0.268442
26 0.157608 0.86536 0.0598613 0.137871
0 0.785755 0.699877 0.0920801 0.42369
0 0.717786 0.822763 0.0868558 0.223872
0 0.166331 0.723933 0.111237 0.541351
0 0.0305597 0.784212 0.0606755 0.415869
0 0.496194 0.67465 0.104054 0.539893
0 0.91532 0.715805 0.0889898 0.26847
26 0.157607 0.865358 0.0598581 0.137868
0 0.78575 0.69979 0.092063 0.423539
0 0.717789 0.822762 0.0868548 0.223878
