0 0.0888367 0.753874 0.11783 0.489791
0 0.237549 0.710047 0.114058 0.579905
0 0.425125 0.671664 0.0701841 0.264415
0 0.8609 0.688739 0.0755934 0.228773
0 0.692399 0.631798 0.150611 0.541989
0 0.595217 0.732354 0.12883 0.535293
0 0.81571 0.703411 0.113851 0.255327
26 0.22208 0.819063 0.0616037 0.130961
0 0.463716 0.692386 0.0490079 0.212156
0 0.0888367 0.753874 0.11783 0.489791
0 0.237549 0.710047 0.114058 0.579905
0 0.425125 0.671664 0.0701841 0.264415
0 0.8609 0.688739 0.0755934 0.228773
0 0.692399 0.631798 0.150611 0.541989
0 0.595217 0.732354 0.12883 0.535293
0 0.81571 0.703411 0.113851 0.255327
26 0.22208 0.819063 0.0616037 0.130961
0 0.463716 0.692386 0.0490079 0.212156
0 0.0888367 0.753874 0.11783 0.489791
0 0.237549 0.710047 0.114058 0.579905
0 0.425125 0.671664 0.0701841 0.264415
0 0.8609 0.688739 0.0755934 0.228773
0 0.692399 0.631798 0.150611 0.541989
0 0.595217 0.732354 0.12883 0.535293
0 0.81571 0.703411 0.113851 0.255327
26 0.22208 0.819063 0.0616037 0.130961
0 0.463716 0.692386 0.0490079 0.212156
0 0.0888367 0.753874 0.11783 0.489791
0 0.237549 0.710047 0.114058 0.579905
0 0.425125 0.671664 0.0701841 0.264415
0 0.8609 0.688739 0.0755934 0.228773
0 0.692399 0.631798 0.150611 0.541989
0 0.595217 0.732354 0.12883 0.535293
0 0.81571 0.703411 0.113851 0.255327
26 0.22208 0.819063 0.0616037 0.130961
0 0.463716 0.692386 0.0490079 0.212156
