0 0.217201 0.714448 0.109658 0.568287
0 0.056397 0.749475 0.111837 0.491855
0 0.488644 0.758326 0.114277 0.470696
0 0.928966 0.699518 0.0881571 0.257568
0 0.559989 0.692753 0.0900742 0.549187
0 0.777194 0.687501 0.107286 0.441548
0 0.870044 0.727568 0.101164 0.275801
0 0.217201 0.714448 0.109658 0.568287
0 0.056397 0.749475 0.111837 0.491855
0 0.488644 0.758326 0.114277 0.470696
0 0.928966 0.699518 0.0881571 0.257568
0 0.559989 0.692753 0.0900742 0.549187
0 0.777194 0.687501 0.107286 0.441548
0 0.870044 0.727568 0.101164 0.275801
0 0.217201 0.714454 0.109662 0.568292
0 0.0564012 0.749473 0.111844 0.491853
0 0.488659 0.75834 0.114235 0.470667
0 0.928965 0.699524 0.0881676 0.257585
0 0.559983 0.692766 0.0900724 0.549151
0 0.777193 0.687496 0.107285 0.44154
0 0.870055 0.727546 0.101175 0.275857
24 0.72323 0.817413 0.0863466 0.199371
