0 0.202679 0.726901 0.125324 0.541756
0 0.0434283 0.760699 0.0865093 0.468393
0 0.462208 0.755153 0.139198 0.481025
0 0.923854 0.712175 0.0821355 0.267816
0 0.776077 0.698635 0.110326 0.441808
0 0.535358 0.69389 0.119077 0.565235
0 0.860075 0.735873 0.0951374 0.279012
0 0.779878 0.703375 0.100907 0.433067
0 0.536999 0.692458 0.120828 0.561758
26 0.179949 0.874414 0.058239 0.137521
0 0.202679 0.726901 0.125324 0.541756
0 0.0434283 0.760699 0.0865093 0.468393
0 0.462208 0.755153 0.139198 0.481025
0 0.923854 0.712175 0.0821355 0.267816
0 0.776077 0.698635 0.110326 0.441808
0 0.535358 0.69389 0.119077 0.565235
0 0.860075 0.735873 0.0951374 0.279012
0 0.779878 0.703375 0.100907 0.433067
0 0.536999 0.692458 0.120828 0.561758
26 0.179949 0.874414 0.058239 0.137521
0 0.20268 0.726901 0.125313 0.54175
0 0.043429 0.760705 0.0865117 0.468394
0 0.46219 0.755162 0.139229 0.481018
0 0.923853 0.712178 0.0821465 0.267817
0 0.776052 0.698639 0.110366 0.441796
0 0.535358 0.693889 0.119084 0.565246
0 0.860113 0.735864 0.095204 0.27905
0 0.779867 0.703379 0.100926 0.433065
0 0.537 0.692459 0.120838 0.561771
26 0.179948 0.874417 0.0582352 0.137518
