0 0.21742 0.715339 0.108496 0.569321
0 0.0561616 0.751978 0.112002 0.496043
0 0.489766 0.76182 0.115143 0.47636
0 0.929285 0.698779 0.0868046 0.257504
0 0.777647 0.688075 0.107255 0.443535
0 0.56066 0.694636 0.0890576 0.547622
0 0.868069 0.729123 0.0965246 0.272491
0 0.882096 0.725769 0.119806 0.280496
24 0.723098 0.816495 0.0863886 0.200353
0 0.21742 0.715339 0.108496 0.569321
0 0.0561616 0.751978 0.112002 0.496043
0 0.489766 0.76182 0.115143 0.47636
0 0.929285 0.698779 0.0868046 0.257504
0 0.777647 0.688075 0.107255 0.443535
0 0.56066 0.694636 0.0890576 0.547622
0 0.868069 0.729123 0.0965246 0.272491
0 0.882096 0.725769 0.119806 0.280496
24 0.723098 0.816495 0.0863886 0.200353
0 0.21742 0.715339 0.108496 0.569321
0 0.0561616 0.751978 0.112002 0.496043
0 0.489766 0.76182 0.115143 0.47636
0 0.929285 0.698779 0.0868046 0.257504
0 0.777647 0.688075 0.107255 0.443535
0 0.56066 0.694636 0.0890576 0.547622
0 0.868069 0.729123 0.0965246 0.272491
0 0.882096 0.725769 0.119806 0.280496
24 0.723098 0.816495 0.0863886 0.200353
