0 0.136718 0.716116 0.100673 0.567768
0 0.643247 0.726411 0.192343 0.542618
0 0.248863 0.72661 0.119901 0.546779
0 0.740665 0.661978 0.0751535 0.236298
1 0.905644 0.647338 0.0486191 0.0757855
0 0.335146 0.729404 0.116414 0.541191
0 0.3343 0.744374 0.110084 0.498522
0 0.0466286 0.75026 0.0932572 0.49788
26 0.122525 0.814461 0.0514245 0.137187
0 0.543205 0.734268 0.104615 0.498488
0 0.479001 0.51263 0.0692812 0.231407
0 0.136718 0.716116 0.100673 0.567768
0 0.643247 0.726411 0.192343 0.542618
0 0.248863 0.72661 0.119901 0.546779
0 0.740665 0.661978 0.0751535 0.236298
1 0.905644 0.647338 0.0486191 0.0757855
0 0.335146 0.729404 0.116414 0.541191
0 0.3343 0.744374 0.110084 0.498522
0 0.0466286 0.75026 0.0932572 0.49788
26 0.122525 0.814461 0.0514245 0.137187
0 0.543205 0.734268 0.104615 0.498488
0 0.479001 0.51263 0.0692812 0.231407
0 0.136718 0.716116 0.100673 0.567768
0 0.643247 0.726411 0.192343 0.542618
0 0.248863 0.72661 0.119901 0.546779
0 0.740665 0.661978 0.0751535 0.236298
1 0.905644 0.647338 0.0486191 0.0757855
0 0.335146 0.729404 0.116414 0.541191
0 0.3343 0.744374 0.110084 0.498522
0 0.0466286 0.75026 0.0932572 0.49788
26 0.122525 0.814461 0.0514245 0.137187
0 0.543205 0.734268 0.104615 0.498488
0 0.479001 0.51263 0.0692812 0.231407
0 0.136718 0.716116 0.100673 0.567768
0 0.643247 0.726411 0.192343 0.542618
0 0.248863 0.72661 0.119901 0.546779
0 0.740665 0.661978 0.0751535 0.236298
1 0.905644 0.647338 0.0486191 0.0757855
0 0.335146 0.729404 0.116414 0.541191
0 0.3343 0.744374 0.110084 0.498522
0 0.0466286 0.75026 0.0932572 0.49788
26 0.122525 0.814461 0.0514245 0.137187
0 0.543205 0.734268 0.104615 0.498488
0 0.479001 0.51263 0.0692812 0.231407
