0 0.0421177 0.768051 0.0839006 0.463897
0 0.193233 0.729336 0.123744 0.541329
0 0.457268 0.757992 0.134924 0.483271
0 0.754631 0.694344 0.160919 0.451573
0 0.91161 0.711628 0.080694 0.271906
0 0.860859 0.734851 0.100904 0.283128
0 0.531894 0.699634 0.124623 0.567789
0 0.0421177 0.768051 0.0839006 0.463897
0 0.193233 0.729336 0.123744 0.541329
0 0.457268 0.757992 0.134924 0.483271
0 0.754631 0.694344 0.160919 0.451573
0 0.91161 0.711628 0.080694 0.271906
0 0.860859 0.734851 0.100904 0.283128
0 0.531894 0.699634 0.124623 0.567789
0 0.0421177 0.768051 0.0839006 0.463897
0 0.193233 0.729336 0.123744 0.541329
0 0.457268 0.757992 0.134924 0.483271
0 0.754631 0.694344 0.160919 0.451573
0 0.91161 0.711628 0.080694 0.271906
0 0.860859 0.734851 0.100904 0.283128
0 0.531894 0.699634 0.124623 0.567789
