0 0.0844326 0.752469 0.139936 0.495061
0 0.262903 0.717752 0.108562 0.564497
0 0.550015 0.752029 0.140796 0.494298
0 0.456011 0.685332 0.0680478 0.271675
0 0.634014 0.686467 0.10248 0.588933
0 0.772667 0.739488 0.107573 0.521025
0 0.861758 0.71047 0.136272 0.506953
26 0.23807 0.838488 0.0531458 0.133641
26 0.605466 0.687252 0.0417629 0.111326
0 0.630975 0.686357 0.0963649 0.598276
0 0.859801 0.71729 0.127712 0.505726
0 0.0844326 0.752469 0.139936 0.495061
0 0.262903 0.717752 0.108562 0.564497
0 0.550015 0.752029 0.140796 0.494298
0 0.456011 0.685332 0.0680478 0.271675
0 0.634014 0.686467 0.10248 0.588933
0 0.772667 0.739488 0.107573 0.521025
0 0.861758 0.71047 0.136272 0.506953
26 0.23807 0.838488 0.0531458 0.133641
26 0.605466 0.687252 0.0417629 0.111326
0 0.630975 0.686357 0.0963649 0.598276
0 0.859801 0.71729 0.127712 0.505726
0 0.0844326 0.752469 0.139936 0.495061
0 0.262903 0.717752 0.108562 0.564497
0 0.550015 0.752029 0.140796 0.494298
0 0.456011 0.685332 0.0680478 0.271675
0 0.634014 0.686467 0.10248 0.588933
0 0.772667 0.739488 0.107573 0.521025
0 0.861758 0.71047 0.136272 0.506953
26 0.23807 0.838488 0.0531458 0.133641
26 0.605466 0.687252 0.0417629 0.111326
0 0.630975 0.686357 0.0963649 0.598276
0 0.859801 0.71729 0.127712 0.505726
0 0.0844326 0.752469 0.139936 0.495061
0 0.262903 0.717752 0.108562 0.564497
0 0.550015 0.752029 0.140796 0.494298
0 0.456011 0.685332 0.0680478 0.271675
0 0.634014 0.686467 0.10248 0.588933
0 0.772667 0.739488 0.107573 0.521025
0 0.861758 0.71047 0.136272 0.506953
26 0.23807 0.838488 0.0531458 0.133641
26 0.605466 0.687252 0.0417629 0.111326
0 0.630975 0.686357 0.0963649 0.598276
0 0.859801 0.71729 0.127712 0.505726
