0 0.145437 0.712244 0.100405 0.567441
0 0.0560225 0.747317 0.103634 0.498649
0 0.559879 0.732254 0.111044 0.501359
0 0.310636 0.73539 0.132271 0.51371
26 0.133675 0.820115 0.0541736 0.136413
0 0.731763 0.728958 0.185808 0.537013
26 0.600916 0.680722 0.0387584 0.12557
0 0.0690361 0.748019 0.137489 0.497416
0 0.625358 0.685554 0.0832538 0.59811
0 0.629376 0.684263 0.0831502 0.603375
0 0.672909 0.511659 0.0612174 0.212618
0 0.145437 0.712244 0.100405 0.567441
0 0.0560225 0.747317 0.103634 0.498649
0 0.559879 0.732254 0.111044 0.501359
0 0.310636 0.73539 0.132271 0.51371
26 0.133675 0.820115 0.0541736 0.136413
0 0.731763 0.728958 0.185808 0.537013
26 0.600916 0.680722 0.0387584 0.12557
0 0.0690361 0.748019 0.137489 0.497416
0 0.625358 0.685554 0.0832538 0.59811
0 0.629376 0.684263 0.0831502 0.603375
0 0.672909 0.511659 0.0612174 0.212618
0 0.145442 0.712246 0.100401 0.567426
0 0.0560217 0.747301 0.103639 0.498633
0 0.559882 0.732269 0.11105 0.501344
0 0.310633 0.735383 0.132257 0.513715
26 0.133673 0.82012 0.0541727 0.136419
0 0.731757 0.728935 0.185783 0.537081
26 0.600916 0.680722 0.0387568 0.125576
0 0.0690366 0.748015 0.137493 0.497419
0 0.625366 0.685555 0.0832614 0.598085
0 0.62938 0.684266 0.0831653 0.603391
0 0.672913 0.511649 0.0612068 0.212612
