0 0.289203 0.732667 0.120316 0.534667
0 0.143639 0.714757 0.0979156 0.570486
0 0.0635306 0.750112 0.126519 0.499776
0 0.72981 0.715728 0.137892 0.568544
26 0.130567 0.811934 0.0560282 0.143031
0 0.670695 0.491731 0.058446 0.175438
0 0.550071 0.733176 0.107966 0.504926
26 0.116667 0.750151 0.0655769 0.4132
0 0.627905 0.528623 0.0646977 0.291487
1 0.915951 0.649996 0.0508442 0.0782933
0 0.289203 0.732667 0.120316 0.534667
0 0.143639 0.714757 0.0979156 0.570486
0 0.0635306 0.750112 0.126519 0.499776
0 0.72981 0.715728 0.137892 0.568544
26 0.130567 0.811934 0.0560282 0.143031
0 0.670695 0.491731 0.058446 0.175438
0 0.550071 0.733176 0.107966 0.504926
26 0.116667 0.750151 0.0655769 0.4132
0 0.627905 0.528623 0.0646977 0.291487
1 0.915951 0.649996 0.0508442 0.0782933
0 0.289203 0.732667 0.120316 0.534667
0 0.143639 0.714757 0.0979156 0.570486
0 0.0635306 0.750112 0.126519 0.499776
0 0.72981 0.715728 0.137892 0.568544
26 0.130567 0.811934 0.0560282 0.143031
0 0.670695 0.491731 0.058446 0.175438
0 0.550071 0.733176 0.107966 0.504926
26 0.116667 0.750151 0.0655769 0.4132
0 0.627905 0.528623 0.0646977 0.291487
1 0.915951 0.649996 0.0508442 0.0782933
0 0.289203 0.732667 0.120316 0.534667
0 0.143639 0.714757 0.0979156 0.570486
0 0.0635306 0.750112 0.126519 0.499776
0 0.72981 0.715728 0.137892 0.568544
26 0.130567 0.811934 0.0560282 0.143031
0 0.670695 0.491731 0.058446 0.175438
0 0.550071 0.733176 0.107966 0.504926
26 0.116667 0.750151 0.0655769 0.4132
0 0.627905 0.528623 0.0646977 0.291487
1 0.915951 0.649996 0.0508442 0.0782933
0 0.289201 0.73267 0.12032 0.534661
0 0.143643 0.714761 0.0979249 0.570477
0 0.0635199 0.750118 0.126499 0.499763
0 0.729905 0.715726 0.137706 0.568547
26 0.130567 0.811924 0.0560229 0.143054
0 0.55008 0.733176 0.10797 0.504899
0 0.670702 0.49174 0.058425 0.175463
26 0.116668 0.750205 0.0655806 0.413291
0 0.627898 0.528632 0.064692 0.291534
1 0.915955 0.649989 0.0508365 0.0783139
