0 0.17589 0.715496 0.107173 0.569009
0 0.699969 0.640225 0.0924893 0.463671
0 0.0642965 0.746006 0.109509 0.504378
0 0.63465 0.653177 0.0771716 0.561529
0 0.589148 0.732837 0.141186 0.530358
0 0.0698687 0.745292 0.098156 0.509417
0 0.564295 0.734961 0.0879722 0.512086
0 0.026794 0.70889 0.0531722 0.399625
0 0.39004 0.670386 0.0953139 0.412934
0 0.875466 0.725289 0.220913 0.548414
0 0.17589 0.715496 0.107173 0.569009
0 0.699969 0.640225 0.0924893 0.463671
0 0.0642965 0.746006 0.109509 0.504378
0 0.63465 0.653177 0.0771716 0.561529
0 0.589148 0.732837 0.141186 0.530358
0 0.0698687 0.745292 0.098156 0.509417
0 0.564295 0.734961 0.0879722 0.512086
0 0.026794 0.70889 0.0531722 0.399625
0 0.39004 0.670386 0.0953139 0.412934
0 0.875466 0.725289 0.220913 0.548414
0 0.17589 0.715496 0.107173 0.569009
0 0.699969 0.640225 0.0924893 0.463671
0 0.0642965 0.746006 0.109509 0.504378
0 0.63465 0.653177 0.0771716 0.561529
0 0.589148 0.732837 0.141186 0.530358
0 0.0698687 0.745292 0.098156 0.509417
0 0.564295 0.734961 0.0879722 0.512086
0 0.026794 0.70889 0.0531722 0.399625
0 0.39004 0.670386 0.0953139 0.412934
0 0.875466 0.725289 0.220913 0.548414
0 0.17589 0.715496 0.107173 0.569009
0 0.699969 0.640225 0.0924893 0.463671
0 0.0642965 0.746006 0.109509 0.504378
0 0.63465 0.653177 0.0771716 0.561529
0 0.589148 0.732837 0.141186 0.530358
0 0.0698687 0.745292 0.098156 0.509417
0 0.564295 0.734961 0.0879722 0.512086
0 0.026794 0.70889 0.0531722 0.399625
0 0.39004 0.670386 0.0953139 0.412934
0 0.875466 0.725289 0.220913 0.548414
