0 0.261653 0.724948 0.117991 0.53938
0 0.136644 0.713524 0.101686 0.567992
26 0.113316 0.744927 0.0678939 0.416743
0 0.539418 0.733308 0.110723 0.506003
0 0.682871 0.718975 0.144818 0.556182
0 0.338032 0.757809 0.111405 0.456914
0 0.339194 0.730231 0.114449 0.518202
0 0.261653 0.724948 0.117991 0.53938
0 0.136644 0.713524 0.101686 0.567992
26 0.113316 0.744927 0.0678939 0.416743
0 0.539418 0.733308 0.110723 0.506003
0 0.682871 0.718975 0.144818 0.556182
0 0.338032 0.757809 0.111405 0.456914
0 0.339194 0.730231 0.114449 0.518202
0 0.261641 0.724946 0.117965 0.539379
0 0.136645 0.713525 0.1017 0.567975
26 0.113315 0.744928 0.0679028 0.416732
0 0.539411 0.733308 0.110704 0.505993
0 0.682878 0.718984 0.144835 0.556184
0 0.338013 0.757889 0.111449 0.456755
0 0.339171 0.730267 0.114511 0.518148
0 0.752028 0.674088 0.0681819 0.219317
