0 0.157215 0.723151 0.102893 0.545573
0 0.0266303 0.789836 0.0528793 0.409936
26 0.152731 0.860253 0.0592532 0.135794
0 0.409466 0.746681 0.107829 0.489323
0 0.916758 0.711794 0.090325 0.262901
0 0.799593 0.699822 0.12304 0.450226
0 0.788505 0.703094 0.0943283 0.437444
0 0.870623 0.739529 0.118313 0.282414
0 0.925061 0.709784 0.0780154 0.257553
0 0.468667 0.686026 0.0697634 0.579905
0 0.157215 0.723151 0.102893 0.545573
0 0.0266303 0.789836 0.0528793 0.409936
26 0.152731 0.860253 0.0592532 0.135794
0 0.409466 0.746681 0.107829 0.489323
0 0.916758 0.711794 0.090325 0.262901
0 0.799593 0.699822 0.12304 0.450226
0 0.788505 0.703094 0.0943283 0.437444
0 0.870623 0.739529 0.118313 0.282414
0 0.925061 0.709784 0.0780154 0.257553
0 0.468667 0.686026 0.0697634 0.579905
0 0.157215 0.723145 0.102888 0.545567
0 0.026636 0.789848 0.0528899 0.409911
26 0.15273 0.860251 0.0592529 0.135802
0 0.409418 0.746682 0.107954 0.489352
0 0.916757 0.7118 0.0903054 0.262891
0 0.799608 0.699831 0.123079 0.450222
0 0.788507 0.703097 0.0943454 0.437441
0 0.925078 0.709782 0.0779795 0.257546
0 0.870645 0.739544 0.118354 0.282475
0 0.468662 0.686039 0.0697751 0.579909
