0 0.17685 0.728965 0.121862 0.54207
0 0.441729 0.758935 0.119948 0.48213
0 0.748781 0.692126 0.158871 0.47345
0 0.913679 0.713713 0.0946944 0.274121
0 0.518052 0.686833 0.114799 0.576468
0 0.0358989 0.770183 0.071391 0.459634
0 0.864843 0.740238 0.125562 0.276083
0 0.846696 0.74225 0.0874572 0.272374
0 0.17685 0.728965 0.121862 0.54207
0 0.441729 0.758935 0.119948 0.48213
0 0.748781 0.692126 0.158871 0.47345
0 0.913679 0.713713 0.0946944 0.274121
0 0.518052 0.686833 0.114799 0.576468
0 0.0358989 0.770183 0.071391 0.459634
0 0.864843 0.740238 0.125562 0.276083
0 0.846696 0.74225 0.0874572 0.272374
0 0.17685 0.728965 0.121862 0.54207
0 0.441729 0.758935 0.119948 0.48213
0 0.748781 0.692126 0.158871 0.47345
0 0.913679 0.713713 0.0946944 0.274121
0 0.518052 0.686833 0.114799 0.576468
0 0.0358989 0.770183 0.071391 0.459634
0 0.864843 0.740238 0.125562 0.276083
0 0.846696 0.74225 0.0874572 0.272374
0 0.176843 0.728971 0.121876 0.542059
0 0.441721 0.758929 0.119956 0.482141
0 0.748786 0.692186 0.158852 0.473354
0 0.913654 0.713719 0.0947371 0.274129
0 0.518044 0.686845 0.114799 0.576474
0 0.0358986 0.770187 0.0713918 0.459627
0 0.864838 0.74024 0.125559 0.276093
0 0.846698 0.742253 0.0874635 0.27238
