0 0.203977 0.710322 0.109322 0.572199
0 0.715814 0.645822 0.104167 0.467097
0 0.0854383 0.745548 0.109868 0.494849
0 0.392048 0.666762 0.0632627 0.256898
0 0.568013 0.690909 0.121814 0.590906
0 0.474009 0.732304 0.116382 0.524235
0 0.650784 0.669369 0.0874778 0.56897
0 0.823411 0.684184 0.0655956 0.236191
0 0.203977 0.710322 0.109322 0.572199
0 0.715814 0.645822 0.104167 0.467097
0 0.0854383 0.745548 0.109868 0.494849
0 0.392048 0.666762 0.0632627 0.256898
0 0.568013 0.690909 0.121814 0.590906
0 0.474009 0.732304 0.116382 0.524235
0 0.650784 0.669369 0.0874778 0.56897
0 0.823411 0.684184 0.0655956 0.236191
0 0.203974 0.710319 0.109316 0.572192
0 0.715814 0.645826 0.104153 0.467083
0 0.085434 0.745547 0.109882 0.494852
0 0.39205 0.666774 0.063261 0.256899
0 0.568015 0.690913 0.121794 0.590877
0 0.473997 0.732294 0.116355 0.524249
0 0.650789 0.669374 0.0874791 0.569001
0 0.823416 0.684198 0.065584 0.236198
