0 0.0908112 0.75652 0.127332 0.482296
0 0.252669 0.714384 0.103087 0.571232
0 0.611094 0.676439 0.0986233 0.560563
0 0.785265 0.687093 0.0989872 0.440313
0 0.466892 0.689202 0.0578155 0.274446
0 0.542307 0.744193 0.111412 0.511613
0 0.910813 0.748881 0.177602 0.494633
0 0.547707 0.725544 0.116586 0.548912
26 0.241128 0.846901 0.0609131 0.134666
26 0.219385 0.747847 0.0743365 0.394245
0 0.0908112 0.75652 0.127332 0.482296
0 0.252669 0.714384 0.103087 0.571232
0 0.611094 0.676439 0.0986233 0.560563
0 0.785265 0.687093 0.0989872 0.440313
0 0.466892 0.689202 0.0578155 0.274446
0 0.542307 0.744193 0.111412 0.511613
0 0.910813 0.748881 0.177602 0.494633
0 0.547707 0.725544 0.116586 0.548912
26 0.241128 0.846901 0.0609131 0.134666
26 0.219385 0.747847 0.0743365 0.394245
0 0.0908112 0.75652 0.127332 0.482296
0 0.252669 0.714384 0.103087 0.571232
0 0.611094 0.676439 0.0986233 0.560563
0 0.785265 0.687093 0.0989872 0.440313
0 0.466892 0.689202 0.0578155 0.274446
0 0.542307 0.744193 0.111412 0.511613
0 0.910813 0.748881 0.177602 0.494633
0 0.547707 0.725544 0.116586 0.548912
26 0.241128 0.846901 0.0609131 0.134666
26 0.219385 0.747847 0.0743365 0.394245
