0 0.149465 0.721636 0.103672 0.551947
0 0.0220021 0.798143 0.043699 0.399762
0 0.461455 0.689289 0.0823568 0.581911
0 0.766125 0.697744 0.170946 0.479857
0 0.403839 0.753915 0.100183 0.488163
0 0.924457 0.712703 0.0795945 0.255598
26 0.140472 0.857723 0.0612856 0.132213
0 0.459775 0.691761 0.0753162 0.593435
0 0.496416 0.736951 0.0432256 0.222184
26 0.110563 0.865059 0.0666613 0.263214
0 0.861711 0.748581 0.0824868 0.267604
0 0.149465 0.721636 0.103672 0.551947
0 0.0220021 0.798143 0.043699 0.399762
0 0.461455 0.689289 0.0823568 0.581911
0 0.766125 0.697744 0.170946 0.479857
0 0.403839 0.753915 0.100183 0.488163
0 0.924457 0.712703 0.0795945 0.255598
26 0.140472 0.857723 0.0612856 0.132213
0 0.459775 0.691761 0.0753162 0.593435
0 0.496416 0.736951 0.0432256 0.222184
26 0.110563 0.865059 0.0666613 0.263214
0 0.861711 0.748581 0.0824868 0.267604
0 0.149465 0.721636 0.103672 0.551947
0 0.0220021 0.798143 0.043699 0.399762
0 0.461455 0.689289 0.0823568 0.581911
0 0.766125 0.697744 0.170946 0.479857
0 0.403839 0.753915 0.100183 0.488163
0 0.924457 0.712703 0.0795945 0.255598
26 0.140472 0.857723 0.0612856 0.132213
0 0.459775 0.691761 0.0753162 0.593435
0 0.496416 0.736951 0.0432256 0.222184
26 0.110563 0.865059 0.0666613 0.263214
0 0.861711 0.748581 0.0824868 0.267604
0 0.14947 0.721644 0.103664 0.551948
0 0.0220038 0.798139 0.0437015 0.399779
0 0.46145 0.689298 0.0823531 0.581937
0 0.766083 0.697724 0.170874 0.479905
0 0.403838 0.75393 0.100191 0.488147
0 0.924467 0.712731 0.0795788 0.255613
26 0.14047 0.857723 0.0612803 0.132222
0 0.459773 0.691789 0.0753026 0.593477
0 0.496417 0.736959 0.0432238 0.222191
26 0.110578 0.865056 0.066689 0.263211
0 0.86171 0.748589 0.0824837 0.267628
