0 0.153089 0.713683 0.103618 0.566183
0 0.749194 0.709803 0.198791 0.574378
0 0.0741046 0.74393 0.14303 0.500607
0 0.568284 0.732287 0.115893 0.505847
0 0.634043 0.679713 0.0713811 0.595607
0 0.332218 0.735905 0.131367 0.51695
26 0.142494 0.821725 0.0534281 0.135854
0 0.680314 0.544418 0.0570997 0.278258
1 0.929156 0.650096 0.0478279 0.0771522
0 0.328296 0.739628 0.120472 0.517716
0 0.153089 0.713683 0.103618 0.566183
0 0.749194 0.709803 0.198791 0.574378
0 0.0741046 0.74393 0.14303 0.500607
0 0.568284 0.732287 0.115893 0.505847
0 0.634043 0.679713 0.0713811 0.595607
0 0.332218 0.735905 0.131367 0.51695
26 0.142494 0.821725 0.0534281 0.135854
0 0.680314 0.544418 0.0570997 0.278258
1 0.929156 0.650096 0.0478279 0.0771522
0 0.328296 0.739628 0.120472 0.517716
0 0.153083 0.713685 0.103624 0.566167
0 0.749196 0.709804 0.198787 0.574382
0 0.074116 0.743931 0.143055 0.500614
0 0.568278 0.732306 0.115857 0.505826
0 0.63404 0.679694 0.071389 0.595586
0 0.332218 0.735912 0.13135 0.516934
26 0.142488 0.821728 0.0534219 0.135861
0 0.680324 0.544413 0.0570819 0.278256
1 0.929157 0.650094 0.0478281 0.0771621
0 0.328285 0.73963 0.120413 0.517681
