0 0.197784 0.714595 0.10758 0.570043
0 0.0805465 0.749373 0.114085 0.497137
0 0.713484 0.64294 0.0972811 0.469715
0 0.564134 0.709587 0.119507 0.578068
0 0.383996 0.666478 0.0561757 0.25676
0 0.645456 0.668411 0.0871971 0.570918
0 0.900957 0.733667 0.196841 0.528378
26 0.179303 0.822245 0.0551647 0.137126
0 0.458981 0.735127 0.121833 0.527054
0 0.811012 0.688682 0.0685164 0.226325
0 0.197784 0.714595 0.10758 0.570043
0 0.0805465 0.749373 0.114085 0.497137
0 0.713484 0.64294 0.0972811 0.469715
0 0.564134 0.709587 0.119507 0.578068
0 0.383996 0.666478 0.0561757 0.25676
0 0.645456 0.668411 0.0871971 0.570918
0 0.900957 0.733667 0.196841 0.528378
26 0.179303 0.822245 0.0551647 0.137126
0 0.458981 0.735127 0.121833 0.527054
0 0.811012 0.688682 0.0685164 0.226325
0 0.197784 0.714595 0.10758 0.570043
0 0.0805465 0.749373 0.114085 0.497137
0 0.713484 0.64294 0.0972811 0.469715
0 0.564134 0.709587 0.119507 0.578068
0 0.383996 0.666478 0.0561757 0.25676
0 0.645456 0.668411 0.0871971 0.570918
0 0.900957 0.733667 0.196841 0.528378
26 0.179303 0.822245 0.0551647 0.137126
0 0.458981 0.735127 0.121833 0.527054
0 0.811012 0.688682 0.0685164 0.226325
0 0.197784 0.714595 0.10758 0.570043
0 0.0805465 0.749373 0.114085 0.497137
0 0.713484 0.64294 0.0972811 0.469715
0 0.564134 0.709587 0.119507 0.578068
0 0.383996 0.666478 0.0561757 0.25676
0 0.645456 0.668411 0.0871971 0.570918
0 0.900957 0.733667 0.196841 0.528378
26 0.179303 0.822245 0.0551647 0.137126
0 0.458981 0.735127 0.121833 0.527054
0 0.811012 0.688682 0.0685164 0.226325
