0 0.27668 0.725797 0.121208 0.53542
0 0.354375 0.716735 0.0944747 0.544066
0 0.720731 0.71765 0.126264 0.554902
26 0.114659 0.749701 0.0705496 0.422954
0 0.544086 0.729029 0.110855 0.5118
0 0.0480863 0.747717 0.0960904 0.496987
0 0.0487555 0.747319 0.0949895 0.491208
1 0.912716 0.650929 0.050107 0.0706994
0 0.139524 0.711255 0.0998415 0.570112
0 0.27668 0.725797 0.121208 0.53542
0 0.354375 0.716735 0.0944747 0.544066
0 0.720731 0.71765 0.126264 0.554902
26 0.114659 0.749701 0.0705496 0.422954
0 0.544086 0.729029 0.110855 0.5118
0 0.0480863 0.747717 0.0960904 0.496987
0 0.0487555 0.747319 0.0949895 0.491208
1 0.912716 0.650929 0.050107 0.0706994
0 0.139524 0.711255 0.0998415 0.570112
