0 0.16125 0.713924 0.102322 0.568733
0 0.0586086 0.742054 0.110487 0.502641
0 0.680916 0.630856 0.0721998 0.434823
0 0.561544 0.737403 0.102629 0.514088
0 0.365496 0.730589 0.127323 0.525605
0 0.629796 0.664031 0.0913143 0.578113
0 0.822765 0.711744 0.18835 0.570619
26 0.152033 0.824768 0.0573622 0.135771
0 0.460576 0.715925 0.111657 0.552145
0 0.16125 0.713924 0.102322 0.568733
0 0.0586086 0.742054 0.110487 0.502641
0 0.680916 0.630856 0.0721998 0.434823
0 0.561544 0.737403 0.102629 0.514088
0 0.365496 0.730589 0.127323 0.525605
0 0.629796 0.664031 0.0913143 0.578113
0 0.822765 0.711744 0.18835 0.570619
26 0.152033 0.824768 0.0573622 0.135771
0 0.460576 0.715925 0.111657 0.552145
