0 0.243252 0.707525 0.110238 0.579063
0 0.0746228 0.749917 0.134527 0.49196
0 0.565185 0.733077 0.0901442 0.512163
0 0.435623 0.674231 0.0799582 0.271442
26 0.225759 0.81972 0.0604607 0.135577
0 0.644776 0.731789 0.114478 0.479653
0 0.878088 0.688262 0.0718301 0.223983
0 0.243252 0.707525 0.110238 0.579063
0 0.0746228 0.749917 0.134527 0.49196
0 0.565185 0.733077 0.0901442 0.512163
0 0.435623 0.674231 0.0799582 0.271442
26 0.225759 0.81972 0.0604607 0.135577
0 0.644776 0.731789 0.114478 0.479653
0 0.878088 0.688262 0.0718301 0.223983
0 0.243257 0.707523 0.11025 0.579064
0 0.0746157 0.749922 0.134543 0.491946
0 0.565189 0.733086 0.0901401 0.512138
0 0.435614 0.674243 0.0799331 0.27145
26 0.225755 0.819723 0.0604533 0.135579
0 0.644781 0.731814 0.114471 0.479613
0 0.878101 0.688279 0.0718209 0.223977
