0 0.261552 0.720653 0.109114 0.555201
0 0.0884642 0.753704 0.138456 0.490317
0 0.760619 0.67873 0.096915 0.435761
0 0.633403 0.69281 0.117588 0.584249
26 0.712513 0.78696 0.0789914 0.220941
0 0.55716 0.753484 0.147346 0.493031
0 0.461747 0.686299 0.0665817 0.276558
26 0.24192 0.848474 0.0560869 0.138169
26 0.208395 0.838926 0.0282917 0.218948
0 0.852686 0.735664 0.142236 0.523
0 0.841552 0.746208 0.116402 0.507585
0 0.0209398 0.544619 0.0399576 0.155973
0 0.261552 0.720653 0.109114 0.555201
0 0.0884642 0.753704 0.138456 0.490317
0 0.760619 0.67873 0.096915 0.435761
0 0.633403 0.69281 0.117588 0.584249
26 0.712513 0.78696 0.0789914 0.220941
0 0.55716 0.753484 0.147346 0.493031
0 0.461747 0.686299 0.0665817 0.276558
26 0.24192 0.848474 0.0560869 0.138169
26 0.208395 0.838926 0.0282917 0.218948
0 0.852686 0.735664 0.142236 0.523
0 0.841552 0.746208 0.116402 0.507585
0 0.0209398 0.544619 0.0399576 0.155973
0 0.261552 0.720653 0.109114 0.555201
0 0.0884642 0.753704 0.138456 0.490317
0 0.760619 0.67873 0.096915 0.435761
0 0.633403 0.69281 0.117588 0.584249
26 0.712513 0.78696 0.0789914 0.220941
0 0.55716 0.753484 0.147346 0.493031
0 0.461747 0.686299 0.0665817 0.276558
26 0.24192 0.848474 0.0560869 0.138169
26 0.208395 0.838926 0.0282917 0.218948
0 0.852686 0.735664 0.142236 0.523
0 0.841552 0.746208 0.116402 0.507585
0 0.0209398 0.544619 0.0399576 0.155973
0 0.261552 0.720653 0.109114 0.555201
0 0.0884642 0.753704 0.138456 0.490317
0 0.760619 0.67873 0.096915 0.435761
0 0.633403 0.69281 0.117588 0.584249
26 0.712513 0.78696 0.0789914 0.220941
0 0.55716 0.753484 0.147346 0.493031
0 0.461747 0.686299 0.0665817 0.276558
26 0.24192 0.848474 0.0560869 0.138169
26 0.208395 0.838926 0.0282917 0.218948
0 0.852686 0.735664 0.142236 0.523
0 0.841552 0.746208 0.116402 0.507585
0 0.0209398 0.544619 0.0399576 0.155973
0 0.261552 0.720656 0.109121 0.555207
0 0.0884637 0.753703 0.138461 0.490319
0 0.760618 0.678732 0.0969101 0.435793
0 0.633402 0.692822 0.117595 0.584286
26 0.712513 0.786964 0.0789866 0.220945
0 0.55716 0.753492 0.147346 0.493016
0 0.461734 0.686308 0.0665853 0.276568
26 0.241918 0.848481 0.0560797 0.138186
26 0.208396 0.838933 0.0283007 0.218952
0 0.852719 0.735663 0.142255 0.522996
0 0.84154 0.746219 0.116353 0.507561
0 0.0209395 0.544628 0.039955 0.155981
