0 0.164315 0.712969 0.101934 0.568438
0 0.683862 0.637793 0.0714299 0.452864
0 0.381089 0.729656 0.125816 0.528635
0 0.0597247 0.741347 0.112235 0.50459
0 0.560435 0.733317 0.101852 0.508781
0 0.630539 0.626172 0.0752981 0.524151
26 0.153196 0.825746 0.0538531 0.132608
0 0.841517 0.714774 0.210128 0.563012
0 0.464791 0.702427 0.122988 0.567255
0 0.164315 0.712969 0.101934 0.568438
0 0.683862 0.637793 0.0714299 0.452864
0 0.381089 0.729656 0.125816 0.528635
0 0.0597247 0.741347 0.112235 0.50459
0 0.560435 0.733317 0.101852 0.508781
0 0.630539 0.626172 0.0752981 0.524151
26 0.153196 0.825746 0.0538531 0.132608
0 0.841517 0.714774 0.210128 0.563012
0 0.464791 0.702427 0.122988 0.567255
