0 0.260531 0.718944 0.110933 0.555262
0 0.633167 0.691126 0.118007 0.581309
0 0.760653 0.678892 0.0971443 0.434323
26 0.712543 0.78646 0.0790466 0.222975
0 0.0881623 0.751954 0.139155 0.487728
0 0.462177 0.686309 0.0681302 0.277036
0 0.561455 0.751008 0.131635 0.483743
26 0.208578 0.837855 0.0293639 0.221315
26 0.241292 0.848493 0.0556224 0.140421
0 0.564395 0.756537 0.125804 0.481914
0 0.871931 0.731695 0.177328 0.525221
0 0.260531 0.718944 0.110933 0.555262
0 0.633167 0.691126 0.118007 0.581309
0 0.760653 0.678892 0.0971443 0.434323
26 0.712543 0.78646 0.0790466 0.222975
0 0.0881623 0.751954 0.139155 0.487728
0 0.462177 0.686309 0.0681302 0.277036
0 0.561455 0.751008 0.131635 0.483743
26 0.208578 0.837855 0.0293639 0.221315
26 0.241292 0.848493 0.0556224 0.140421
0 0.564395 0.756537 0.125804 0.481914
0 0.871931 0.731695 0.177328 0.525221
0 0.260533 0.71894 0.110943 0.555252
0 0.633164 0.691124 0.118018 0.581314
0 0.760652 0.67889 0.0971378 0.434342
26 0.712543 0.786469 0.0790477 0.222964
0 0.0881643 0.751955 0.139154 0.487721
0 0.462179 0.686317 0.0681437 0.277042
0 0.561464 0.751017 0.131611 0.483719
26 0.208578 0.837858 0.0293646 0.221333
26 0.24129 0.848498 0.0556142 0.14042
0 0.564403 0.756562 0.125781 0.481876
0 0.871955 0.731686 0.177349 0.525235
