0 0.255664 0.711589 0.106717 0.57438
0 0.0808609 0.75074 0.139206 0.498519
0 0.625004 0.673286 0.0829134 0.585043
0 0.567807 0.739143 0.0867279 0.521714
0 0.443909 0.678296 0.0665198 0.268388
0 0.800615 0.709008 0.130118 0.491519
0 0.705912 0.738235 0.10282 0.52353
0 0.887743 0.69366 0.0756433 0.242852
0 0.485789 0.701546 0.0426172 0.212157
0 0.255664 0.711589 0.106717 0.57438
0 0.0808609 0.75074 0.139206 0.498519
0 0.625004 0.673286 0.0829134 0.585043
0 0.567807 0.739143 0.0867279 0.521714
0 0.443909 0.678296 0.0665198 0.268388
0 0.800615 0.709008 0.130118 0.491519
0 0.705912 0.738235 0.10282 0.52353
0 0.887743 0.69366 0.0756433 0.242852
0 0.485789 0.701546 0.0426172 0.212157
0 0.255664 0.711589 0.106717 0.57438
0 0.0808609 0.75074 0.139206 0.498519
0 0.625004 0.673286 0.0829134 0.585043
0 0.567807 0.739143 0.0867279 0.521714
0 0.443909 0.678296 0.0665198 0.268388
0 0.800615 0.709008 0.130118 0.491519
0 0.705912 0.738235 0.10282 0.52353
0 0.887743 0.69366 0.0756433 0.242852
0 0.485789 0.701546 0.0426172 0.212157
0 0.255664 0.711589 0.106717 0.57438
0 0.0808609 0.75074 0.139206 0.498519
0 0.625004 0.673286 0.0829134 0.585043
0 0.567807 0.739143 0.0867279 0.521714
0 0.443909 0.678296 0.0665198 0.268388
0 0.800615 0.709008 0.130118 0.491519
0 0.705912 0.738235 0.10282 0.52353
0 0.887743 0.69366 0.0756433 0.242852
0 0.485789 0.701546 0.0426172 0.212157
0 0.255663 0.711592 0.106728 0.574388
0 0.080854 0.750746 0.13923 0.498508
0 0.625007 0.673297 0.0829117 0.585088
0 0.567816 0.739149 0.086733 0.521702
0 0.443903 0.678308 0.0665062 0.268388
0 0.800623 0.709032 0.130161 0.491557
0 0.705907 0.738229 0.10277 0.523543
0 0.88777 0.693673 0.0756753 0.242865
0 0.485785 0.701562 0.0426146 0.212136
