0 0.175552 0.7132 0.10739 0.564926
0 0.700221 0.639901 0.0920115 0.464476
0 0.389672 0.670591 0.0948995 0.413984
0 0.59098 0.727433 0.145788 0.509123
0 0.0689506 0.74357 0.100483 0.504846
0 0.635425 0.653139 0.0763235 0.561086
0 0.0628969 0.744169 0.117096 0.497554
0 0.591348 0.729997 0.142587 0.503359
0 0.029093 0.742975 0.0577619 0.47232
0 0.870352 0.722989 0.215259 0.546195
0 0.0328431 0.749328 0.0649038 0.479448
0 0.175552 0.7132 0.10739 0.564926
0 0.700221 0.639901 0.0920115 0.464476
0 0.389672 0.670591 0.0948995 0.413984
0 0.59098 0.727433 0.145788 0.509123
0 0.0689506 0.74357 0.100483 0.504846
0 0.635425 0.653139 0.0763235 0.561086
0 0.0628969 0.744169 0.117096 0.497554
0 0.591348 0.729997 0.142587 0.503359
0 0.029093 0.742975 0.0577619 0.47232
0 0.870352 0.722989 0.215259 0.546195
0 0.0328431 0.749328 0.0649038 0.479448
0 0.175544 0.713204 0.10738 0.564933
0 0.700219 0.639891 0.0920027 0.464507
0 0.389668 0.670596 0.0948824 0.414008
0 0.590986 0.727341 0.145796 0.509298
0 0.06895 0.743553 0.100487 0.504786
0 0.635426 0.653166 0.0763242 0.561128
0 0.0629042 0.744161 0.117084 0.497558
0 0.591353 0.73 0.142589 0.503353
0 0.0290835 0.742929 0.0577433 0.472252
0 0.870462 0.722995 0.214885 0.546187
0 0.0328502 0.749322 0.0649137 0.479431
