0 0.136252 0.715337 0.101558 0.567064
0 0.642338 0.72694 0.194652 0.537449
0 0.249828 0.723751 0.123159 0.542917
0 0.740355 0.663485 0.0762025 0.234219
0 0.0476384 0.749834 0.0949434 0.491627
0 0.334448 0.722925 0.11858 0.537825
1 0.905415 0.647699 0.0482377 0.0747402
0 0.333484 0.7381 0.112315 0.496021
0 0.542602 0.735042 0.106636 0.49882
0 0.47919 0.512035 0.069501 0.232798
26 0.122224 0.813798 0.0522699 0.141264
26 0.113558 0.733063 0.064944 0.416865
0 0.136252 0.715337 0.101558 0.567064
0 0.642338 0.72694 0.194652 0.537449
0 0.249828 0.723751 0.123159 0.542917
0 0.740355 0.663485 0.0762025 0.234219
0 0.0476384 0.749834 0.0949434 0.491627
0 0.334448 0.722925 0.11858 0.537825
1 0.905415 0.647699 0.0482377 0.0747402
0 0.333484 0.7381 0.112315 0.496021
0 0.542602 0.735042 0.106636 0.49882
0 0.47919 0.512035 0.069501 0.232798
26 0.122224 0.813798 0.0522699 0.141264
26 0.113558 0.733063 0.064944 0.416865
