0 0.084791 0.750534 0.139691 0.49164
0 0.262434 0.715973 0.107866 0.562778
0 0.549579 0.749131 0.137531 0.487725
0 0.457556 0.685784 0.0714979 0.271735
0 0.633989 0.685015 0.103011 0.585767
0 0.773113 0.739498 0.106518 0.521003
0 0.861614 0.709702 0.135954 0.510074
26 0.60539 0.68736 0.0418135 0.111018
0 0.630925 0.684863 0.0964075 0.595679
26 0.237972 0.839043 0.0535648 0.135316
28 0.703417 0.792178 0.0811059 0.201201
0 0.859438 0.71421 0.127226 0.508992
0 0.084791 0.750534 0.139691 0.49164
0 0.262434 0.715973 0.107866 0.562778
0 0.549579 0.749131 0.137531 0.487725
0 0.457556 0.685784 0.0714979 0.271735
0 0.633989 0.685015 0.103011 0.585767
0 0.773113 0.739498 0.106518 0.521003
0 0.861614 0.709702 0.135954 0.510074
26 0.60539 0.68736 0.0418135 0.111018
0 0.630925 0.684863 0.0964075 0.595679
26 0.237972 0.839043 0.0535648 0.135316
28 0.703417 0.792178 0.0811059 0.201201
0 0.859438 0.71421 0.127226 0.508992
0 0.08479 0.750537 0.139708 0.49162
0 0.262436 0.715971 0.107876 0.562791
0 0.549582 0.749141 0.137535 0.487706
0 0.457557 0.68579 0.0714994 0.271737
0 0.63399 0.685014 0.103021 0.585784
0 0.773129 0.739497 0.106491 0.521007
0 0.861621 0.709701 0.135966 0.510117
26 0.605389 0.687356 0.0418085 0.111008
0 0.630923 0.684867 0.0964096 0.595705
26 0.23797 0.83904 0.0535603 0.135318
28 0.70343 0.792175 0.0810907 0.20121
0 0.85944 0.7142 0.127238 0.509038
