0 0.241759 0.71412 0.105815 0.57163
0 0.0767028 0.755182 0.132987 0.489204
0 0.78746 0.686273 0.102305 0.43932
0 0.527913 0.74564 0.102977 0.50872
0 0.466176 0.695359 0.054777 0.273122
0 0.890387 0.720263 0.127882 0.279459
0 0.020169 0.53775 0.0399462 0.142613
26 0.231464 0.847357 0.0612886 0.136351
0 0.933241 0.698119 0.0675427 0.257166
0 0.582617 0.674462 0.0875779 0.581656
26 0.733421 0.786447 0.0818835 0.245268
0 0.241759 0.71412 0.105815 0.57163
0 0.0767028 0.755182 0.132987 0.489204
0 0.78746 0.686273 0.102305 0.43932
0 0.527913 0.74564 0.102977 0.50872
0 0.466176 0.695359 0.054777 0.273122
0 0.890387 0.720263 0.127882 0.279459
0 0.020169 0.53775 0.0399462 0.142613
26 0.231464 0.847357 0.0612886 0.136351
0 0.933241 0.698119 0.0675427 0.257166
0 0.582617 0.674462 0.0875779 0.581656
26 0.733421 0.786447 0.0818835 0.245268
0 0.241759 0.71412 0.105815 0.57163
0 0.0767028 0.755182 0.132987 0.489204
0 0.78746 0.686273 0.102305 0.43932
0 0.527913 0.74564 0.102977 0.50872
0 0.466176 0.695359 0.054777 0.273122
0 0.890387 0.720263 0.127882 0.279459
0 0.020169 0.53775 0.0399462 0.142613
26 0.231464 0.847357 0.0612886 0.136351
0 0.933241 0.698119 0.0675427 0.257166
0 0.582617 0.674462 0.0875779 0.581656
26 0.733421 0.786447 0.0818835 0.245268
