0 0.0438733 0.762718 0.0874285 0.474565
0 0.202406 0.728431 0.124847 0.543137
0 0.463013 0.757588 0.144206 0.484824
0 0.774102 0.698415 0.114055 0.441981
0 0.92336 0.71108 0.0835973 0.266828
0 0.534937 0.69555 0.118269 0.567198
0 0.858395 0.736844 0.0918274 0.279824
0 0.537389 0.692827 0.12114 0.560324
0 0.779824 0.703195 0.101275 0.431182
0 0.0438733 0.762718 0.0874285 0.474565
0 0.202406 0.728431 0.124847 0.543137
0 0.463013 0.757588 0.144206 0.484824
0 0.774102 0.698415 0.114055 0.441981
0 0.92336 0.71108 0.0835973 0.266828
0 0.534937 0.69555 0.118269 0.567198
0 0.858395 0.736844 0.0918274 0.279824
0 0.537389 0.692827 0.12114 0.560324
0 0.779824 0.703195 0.101275 0.431182
0 0.0438733 0.762718 0.0874285 0.474565
0 0.202406 0.728431 0.124847 0.543137
0 0.463013 0.757588 0.144206 0.484824
0 0.774102 0.698415 0.114055 0.441981
0 0.92336 0.71108 0.0835973 0.266828
0 0.534937 0.69555 0.118269 0.567198
0 0.858395 0.736844 0.0918274 0.279824
0 0.537389 0.692827 0.12114 0.560324
0 0.779824 0.703195 0.101275 0.431182
0 0.0438739 0.76272 0.0874308 0.474561
0 0.202408 0.728434 0.124842 0.543132
0 0.463003 0.757597 0.144219 0.484805
0 0.774073 0.698404 0.114106 0.442
0 0.923371 0.711076 0.0835958 0.266825
0 0.534934 0.695555 0.118275 0.567214
0 0.858425 0.736829 0.0918824 0.279865
0 0.537385 0.692828 0.12115 0.560331
0 0.77982 0.703198 0.101281 0.431214
