0 0.0916203 0.756434 0.132621 0.481401
0 0.256793 0.715665 0.107102 0.568008
0 0.622299 0.688962 0.10658 0.565209
0 0.466431 0.686927 0.0654005 0.280446
0 0.926631 0.75019 0.142322 0.494627
0 0.559591 0.72159 0.126591 0.55682
0 0.782096 0.686307 0.0959972 0.441745
0 0.726244 0.79017 0.0807799 0.226919
29 0.765947 0.412194 0.0993129 0.0955041
0 0.01265 0.824882 0.0249594 0.346828
0 0.0233342 0.57853 0.0463938 0.222821
0 0.0916203 0.756434 0.132621 0.481401
0 0.256793 0.715665 0.107102 0.568008
0 0.622299 0.688962 0.10658 0.565209
0 0.466431 0.686927 0.0654005 0.280446
0 0.926631 0.75019 0.142322 0.494627
0 0.559591 0.72159 0.126591 0.55682
0 0.782096 0.686307 0.0959972 0.441745
0 0.726244 0.79017 0.0807799 0.226919
29 0.765947 0.412194 0.0993129 0.0955041
0 0.01265 0.824882 0.0249594 0.346828
0 0.0233342 0.57853 0.0463938 0.222821
0 0.0916203 0.756434 0.132621 0.481401
0 0.256793 0.715665 0.107102 0.568008
0 0.622299 0.688962 0.10658 0.565209
0 0.466431 0.686927 0.0654005 0.280446
0 0.926631 0.75019 0.142322 0.494627
0 0.559591 0.72159 0.126591 0.55682
0 0.782096 0.686307 0.0959972 0.441745
0 0.726244 0.79017 0.0807799 0.226919
29 0.765947 0.412194 0.0993129 0.0955041
0 0.01265 0.824882 0.0249594 0.346828
0 0.0233342 0.57853 0.0463938 0.222821
