0 0.223988 0.707685 0.128926 0.577098
0 0.421134 0.668778 0.0678433 0.253681
0 0.0898745 0.750469 0.11215 0.481942
0 0.726172 0.640682 0.0713001 0.486765
0 0.573822 0.737738 0.131076 0.499809
0 0.570262 0.727567 0.125805 0.487652
0 0.856553 0.684067 0.0752631 0.233355
26 0.21961 0.816419 0.0655048 0.129804
0 0.223988 0.707685 0.128926 0.577098
0 0.421134 0.668778 0.0678433 0.253681
0 0.0898745 0.750469 0.11215 0.481942
0 0.726172 0.640682 0.0713001 0.486765
0 0.573822 0.737738 0.131076 0.499809
0 0.570262 0.727567 0.125805 0.487652
0 0.856553 0.684067 0.0752631 0.233355
26 0.21961 0.816419 0.0655048 0.129804
