0 0.254543 0.713743 0.106874 0.566013
0 0.0918107 0.754477 0.132234 0.47749
0 0.622065 0.687327 0.106897 0.563923
0 0.466339 0.686739 0.0653781 0.280921
0 0.781782 0.68632 0.095829 0.441775
0 0.926423 0.748761 0.13609 0.492275
0 0.559717 0.711668 0.123989 0.562625
0 0.726189 0.790264 0.0808379 0.227107
0 0.931427 0.752351 0.124293 0.4846
0 0.557778 0.759964 0.11793 0.466234
0 0.0232461 0.564856 0.0460708 0.19764
0 0.254543 0.713743 0.106874 0.566013
0 0.0918107 0.754477 0.132234 0.47749
0 0.622065 0.687327 0.106897 0.563923
0 0.466339 0.686739 0.0653781 0.280921
0 0.781782 0.68632 0.095829 0.441775
0 0.926423 0.748761 0.13609 0.492275
0 0.559717 0.711668 0.123989 0.562625
0 0.726189 0.790264 0.0808379 0.227107
0 0.931427 0.752351 0.124293 0.4846
0 0.557778 0.759964 0.11793 0.466234
0 0.0232461 0.564856 0.0460708 0.19764
0 0.25454 0.713743 0.106898 0.566011
0 0.0918118 0.754477 0.13224 0.477498
0 0.622063 0.68732 0.106902 0.563934
0 0.466324 0.686743 0.0653711 0.28093
0 0.781781 0.686309 0.0958304 0.44177
0 0.92641 0.748762 0.136109 0.492272
0 0.559719 0.711679 0.123993 0.562602
0 0.726191 0.790268 0.0808378 0.227113
0 0.931422 0.752363 0.124298 0.48459
0 0.557778 0.759951 0.117929 0.466264
0 0.0232467 0.564859 0.0460734 0.197641
