0 0.259279 0.71381 0.108922 0.565799
0 0.0793765 0.748406 0.144402 0.495703
0 0.628306 0.685821 0.0976523 0.579477
0 0.747624 0.733236 0.0962306 0.515831
0 0.841249 0.706862 0.106388 0.490432
0 0.551301 0.732705 0.12257 0.520624
0 0.44613 0.683605 0.0646644 0.272816
0 0.851164 0.703589 0.125042 0.498371
26 0.233846 0.834512 0.0533561 0.137779
0 0.453196 0.685067 0.0747564 0.271351
0 0.908754 0.693435 0.0604772 0.253376
0 0.0189027 0.545509 0.037285 0.16036
26 0.60639 0.686915 0.0411922 0.11122
0 0.259279 0.71381 0.108922 0.565799
0 0.0793765 0.748406 0.144402 0.495703
0 0.628306 0.685821 0.0976523 0.579477
0 0.747624 0.733236 0.0962306 0.515831
0 0.841249 0.706862 0.106388 0.490432
0 0.551301 0.732705 0.12257 0.520624
0 0.44613 0.683605 0.0646644 0.272816
0 0.851164 0.703589 0.125042 0.498371
26 0.233846 0.834512 0.0533561 0.137779
0 0.453196 0.685067 0.0747564 0.271351
0 0.908754 0.693435 0.0604772 0.253376
0 0.0189027 0.545509 0.037285 0.16036
26 0.60639 0.686915 0.0411922 0.11122
0 0.259282 0.713806 0.10893 0.565802
0 0.0793779 0.748409 0.144425 0.495698
0 0.628306 0.685839 0.0976533 0.579482
0 0.747634 0.733222 0.0962133 0.515837
0 0.841255 0.706825 0.1064 0.49049
0 0.551302 0.732697 0.122579 0.520649
0 0.446121 0.683602 0.0646559 0.272835
0 0.851197 0.703584 0.12511 0.498361
26 0.233842 0.834509 0.0533497 0.13778
0 0.453191 0.68507 0.0747311 0.271362
0 0.908772 0.693457 0.0605004 0.253412
0 0.018903 0.545514 0.0372823 0.160361
26 0.60639 0.686917 0.04119 0.111225
