0 0.215138 0.707742 0.111635 0.576043
0 0.712518 0.644124 0.0896574 0.462021
0 0.409878 0.669621 0.0766485 0.262984
0 0.0891168 0.751834 0.112379 0.480354
0 0.631791 0.685071 0.159572 0.581176
0 0.524026 0.726351 0.107534 0.5017
0 0.794717 0.701756 0.110137 0.246723
26 0.203655 0.816567 0.0590153 0.132952
0 0.839513 0.686032 0.0799849 0.222181
0 0.215138 0.707742 0.111635 0.576043
0 0.712518 0.644124 0.0896574 0.462021
0 0.409878 0.669621 0.0766485 0.262984
0 0.0891168 0.751834 0.112379 0.480354
0 0.631791 0.685071 0.159572 0.581176
0 0.524026 0.726351 0.107534 0.5017
0 0.794717 0.701756 0.110137 0.246723
26 0.203655 0.816567 0.0590153 0.132952
0 0.839513 0.686032 0.0799849 0.222181
