0 0.241395 0.706947 0.109775 0.577269
0 0.241368 0.708085 0.110867 0.577444
0 0.558134 0.738061 0.0823385 0.508383
0 0.0779846 0.749138 0.126224 0.487307
0 0.430231 0.67523 0.0743772 0.264983
0 0.628767 0.728395 0.0968579 0.477384
26 0.222873 0.818761 0.0612214 0.135466
0 0.865164 0.695805 0.0861918 0.236806
0 0.470033 0.6921 0.042258 0.20393
0 0.813659 0.707226 0.0953512 0.249595
0 0.241395 0.706947 0.109775 0.577269
0 0.241368 0.708085 0.110867 0.577444
0 0.558134 0.738061 0.0823385 0.508383
0 0.0779846 0.749138 0.126224 0.487307
0 0.430231 0.67523 0.0743772 0.264983
0 0.628767 0.728395 0.0968579 0.477384
26 0.222873 0.818761 0.0612214 0.135466
0 0.865164 0.695805 0.0861918 0.236806
0 0.470033 0.6921 0.042258 0.20393
0 0.813659 0.707226 0.0953512 0.249595
