0 0.25968 0.715578 0.108329 0.568843
0 0.0813342 0.750227 0.141078 0.499546
0 0.548368 0.735468 0.128406 0.528733
0 0.627986 0.68924 0.0974293 0.585706
0 0.840943 0.708932 0.105989 0.489032
0 0.747791 0.736944 0.096603 0.52224
0 0.446298 0.683624 0.0641506 0.272704
26 0.233855 0.834352 0.0529196 0.136392
0 0.850875 0.703183 0.124537 0.499442
0 0.907839 0.691789 0.0590707 0.254988
0 0.452311 0.684925 0.0721708 0.271284
0 0.0186859 0.545625 0.037056 0.158892
0 0.25968 0.715578 0.108329 0.568843
0 0.0813342 0.750227 0.141078 0.499546
0 0.548368 0.735468 0.128406 0.528733
0 0.627986 0.68924 0.0974293 0.585706
0 0.840943 0.708932 0.105989 0.489032
0 0.747791 0.736944 0.096603 0.52224
0 0.446298 0.683624 0.0641506 0.272704
26 0.233855 0.834352 0.0529196 0.136392
0 0.850875 0.703183 0.124537 0.499442
0 0.907839 0.691789 0.0590707 0.254988
0 0.452311 0.684925 0.0721708 0.271284
0 0.0186859 0.545625 0.037056 0.158892
0 0.25968 0.715578 0.108329 0.568843
0 0.0813342 0.750227 0.141078 0.499546
0 0.548368 0.735468 0.128406 0.528733
0 0.627986 0.68924 0.0974293 0.585706
0 0.840943 0.708932 0.105989 0.489032
0 0.747791 0.736944 0.096603 0.52224
0 0.446298 0.683624 0.0641506 0.272704
26 0.233855 0.834352 0.0529196 0.136392
0 0.850875 0.703183 0.124537 0.499442
0 0.907839 0.691789 0.0590707 0.254988
0 0.452311 0.684925 0.0721708 0.271284
0 0.0186859 0.545625 0.037056 0.158892
0 0.25968 0.715578 0.108329 0.568843
0 0.0813342 0.750227 0.141078 0.499546
0 0.548368 0.735468 0.128406 0.528733
0 0.627986 0.68924 0.0974293 0.585706
0 0.840943 0.708932 0.105989 0.489032
0 0.747791 0.736944 0.096603 0.52224
0 0.446298 0.683624 0.0641506 0.272704
26 0.233855 0.834352 0.0529196 0.136392
0 0.850875 0.703183 0.124537 0.499442
0 0.907839 0.691789 0.0590707 0.254988
0 0.452311 0.684925 0.0721708 0.271284
0 0.0186859 0.545625 0.037056 0.158892
