0 0.15759 0.724982 0.101882 0.548457
0 0.0264654 0.795411 0.0525864 0.409178
26 0.153161 0.860176 0.0597682 0.135259
0 0.413114 0.750625 0.101426 0.497109
0 0.798316 0.695526 0.121627 0.457467
0 0.917165 0.711664 0.0894146 0.262717
0 0.871215 0.739611 0.119899 0.281759
0 0.924661 0.709805 0.0789312 0.257475
0 0.788346 0.700121 0.0953133 0.442731
0 0.468262 0.690361 0.0696574 0.588325
0 0.15759 0.724982 0.101882 0.548457
0 0.0264654 0.795411 0.0525864 0.409178
26 0.153161 0.860176 0.0597682 0.135259
0 0.413114 0.750625 0.101426 0.497109
0 0.798316 0.695526 0.121627 0.457467
0 0.917165 0.711664 0.0894146 0.262717
0 0.871215 0.739611 0.119899 0.281759
0 0.924661 0.709805 0.0789312 0.257475
0 0.788346 0.700121 0.0953133 0.442731
0 0.468262 0.690361 0.0696574 0.588325
0 0.15759 0.724982 0.101882 0.548457
0 0.0264654 0.795411 0.0525864 0.409178
26 0.153161 0.860176 0.0597682 0.135259
0 0.413114 0.750625 0.101426 0.497109
0 0.798316 0.695526 0.121627 0.457467
0 0.917165 0.711664 0.0894146 0.262717
0 0.871215 0.739611 0.119899 0.281759
0 0.924661 0.709805 0.0789312 0.257475
0 0.788346 0.700121 0.0953133 0.442731
0 0.468262 0.690361 0.0696574 0.588325
