0 0.149532 0.72061 0.103579 0.551674
0 0.0218952 0.796746 0.0434326 0.397803
0 0.405258 0.751398 0.0950764 0.478154
0 0.461554 0.686742 0.0822149 0.576694
0 0.769204 0.703002 0.175873 0.46816
0 0.924454 0.713133 0.0795584 0.255093
26 0.140691 0.857736 0.0621001 0.133339
0 0.459955 0.690658 0.0754376 0.591748
0 0.496541 0.73665 0.0430178 0.221663
0 0.862019 0.747864 0.0813959 0.26328
0 0.149532 0.72061 0.103579 0.551674
0 0.0218952 0.796746 0.0434326 0.397803
0 0.405258 0.751398 0.0950764 0.478154
0 0.461554 0.686742 0.0822149 0.576694
0 0.769204 0.703002 0.175873 0.46816
0 0.924454 0.713133 0.0795584 0.255093
26 0.140691 0.857736 0.0621001 0.133339
0 0.459955 0.690658 0.0754376 0.591748
0 0.496541 0.73665 0.0430178 0.221663
0 0.862019 0.747864 0.0813959 0.26328
0 0.14953 0.720613 0.103581 0.551668
0 0.0218998 0.796749 0.0434427 0.3978
0 0.40526 0.751411 0.0950817 0.478155
0 0.461544 0.686759 0.082197 0.576714
0 0.769193 0.70296 0.175861 0.468258
0 0.924478 0.713158 0.0795186 0.255111
26 0.140687 0.857739 0.0620882 0.133333
0 0.459946 0.690688 0.0754176 0.591825
0 0.496544 0.736655 0.0430161 0.221663
0 0.862011 0.747869 0.0813862 0.263322
