0 0.0906855 0.755577 0.137227 0.485087
0 0.259883 0.715837 0.107587 0.565382
0 0.624586 0.690654 0.115597 0.583611
0 0.466809 0.684285 0.0685767 0.278146
0 0.911453 0.750449 0.171243 0.496861
0 0.783114 0.68433 0.106518 0.438101
0 0.563389 0.754574 0.134608 0.487776
26 0.242789 0.846135 0.0583246 0.140898
26 0.235445 0.764358 0.0663417 0.421483
0 0.0906855 0.755577 0.137227 0.485087
0 0.259883 0.715837 0.107587 0.565382
0 0.624586 0.690654 0.115597 0.583611
0 0.466809 0.684285 0.0685767 0.278146
0 0.911453 0.750449 0.171243 0.496861
0 0.783114 0.68433 0.106518 0.438101
0 0.563389 0.754574 0.134608 0.487776
26 0.242789 0.846135 0.0583246 0.140898
26 0.235445 0.764358 0.0663417 0.421483
0 0.0906855 0.755577 0.137227 0.485087
0 0.259883 0.715837 0.107587 0.565382
0 0.624586 0.690654 0.115597 0.583611
0 0.466809 0.684285 0.0685767 0.278146
0 0.911453 0.750449 0.171243 0.496861
0 0.783114 0.68433 0.106518 0.438101
0 0.563389 0.754574 0.134608 0.487776
26 0.242789 0.846135 0.0583246 0.140898
26 0.235445 0.764358 0.0663417 0.421483
