0 0.217806 0.706975 0.118202 0.578346
0 0.0877376 0.752693 0.111789 0.478466
0 0.715157 0.640719 0.0802272 0.480021
0 0.413402 0.670678 0.0748779 0.262685
0 0.644785 0.683968 0.137085 0.596473
0 0.55268 0.71773 0.108526 0.47438
0 0.850024 0.687606 0.0711538 0.233488
0 0.217806 0.706975 0.118202 0.578346
0 0.0877376 0.752693 0.111789 0.478466
0 0.715157 0.640719 0.0802272 0.480021
0 0.413402 0.670678 0.0748779 0.262685
0 0.644785 0.683968 0.137085 0.596473
0 0.55268 0.71773 0.108526 0.47438
0 0.850024 0.687606 0.0711538 0.233488
0 0.217803 0.706973 0.118196 0.578342
0 0.0877411 0.752696 0.111788 0.478469
0 0.715149 0.640712 0.0802312 0.480037
0 0.413382 0.670687 0.0748612 0.262685
0 0.644772 0.683968 0.1371 0.596469
0 0.552696 0.717709 0.108533 0.474358
0 0.850028 0.687605 0.0711319 0.233466
