0 0.324901 0.72313 0.133024 0.538041
0 0.134638 0.716417 0.100662 0.563944
0 0.236961 0.724206 0.117439 0.544899
0 0.637443 0.718141 0.170094 0.551066
0 0.0477983 0.74907 0.0946184 0.492167
26 0.111174 0.718571 0.0638278 0.387853
1 0.901183 0.649202 0.0509355 0.0731076
26 0.118537 0.8074 0.0528749 0.150071
26 0.118408 0.779675 0.0595806 0.2093
0 0.737821 0.666677 0.0696875 0.227378
0 0.324901 0.72313 0.133024 0.538041
0 0.134638 0.716417 0.100662 0.563944
0 0.236961 0.724206 0.117439 0.544899
0 0.637443 0.718141 0.170094 0.551066
0 0.0477983 0.74907 0.0946184 0.492167
26 0.111174 0.718571 0.0638278 0.387853
1 0.901183 0.649202 0.0509355 0.0731076
26 0.118537 0.8074 0.0528749 0.150071
26 0.118408 0.779675 0.0595806 0.2093
0 0.737821 0.666677 0.0696875 0.227378
