0 0.0846836 0.750337 0.146834 0.487932
0 0.262268 0.718972 0.110472 0.555673
0 0.636785 0.686845 0.108197 0.582478
26 0.711598 0.784622 0.0786567 0.219635
0 0.460512 0.685562 0.0672961 0.275872
0 0.557755 0.753575 0.134699 0.478561
0 0.832125 0.734074 0.138345 0.517406
0 0.749187 0.671484 0.0690591 0.424529
26 0.242213 0.845742 0.0582405 0.141522
0 0.898666 0.714748 0.12468 0.530488
26 0.236345 0.761655 0.0656047 0.433561
0 0.0846836 0.750337 0.146834 0.487932
0 0.262268 0.718972 0.110472 0.555673
0 0.636785 0.686845 0.108197 0.582478
26 0.711598 0.784622 0.0786567 0.219635
0 0.460512 0.685562 0.0672961 0.275872
0 0.557755 0.753575 0.134699 0.478561
0 0.832125 0.734074 0.138345 0.517406
0 0.749187 0.671484 0.0690591 0.424529
26 0.242213 0.845742 0.0582405 0.141522
0 0.898666 0.714748 0.12468 0.530488
26 0.236345 0.761655 0.0656047 0.433561
0 0.084683 0.750333 0.14683 0.487942
0 0.26227 0.718969 0.110478 0.555668
0 0.636791 0.686843 0.108204 0.582494
26 0.711597 0.784627 0.0786619 0.219628
0 0.460499 0.685565 0.0672706 0.275887
0 0.557747 0.753579 0.134708 0.478552
0 0.831985 0.734066 0.138038 0.517418
0 0.749191 0.671499 0.0690526 0.4246
26 0.242209 0.845749 0.0582306 0.141538
0 0.89859 0.71474 0.124847 0.530516
26 0.236346 0.761631 0.0656158 0.433645
