0 0.0869363 0.752647 0.142731 0.492993
0 0.263758 0.721009 0.108864 0.557981
0 0.554056 0.756551 0.143994 0.485637
0 0.63664 0.688557 0.107756 0.58422
26 0.711509 0.787444 0.0783666 0.213557
0 0.460439 0.685282 0.0669606 0.275337
0 0.748865 0.672043 0.0693634 0.425744
0 0.836777 0.736203 0.148696 0.522706
26 0.24215 0.844418 0.0579763 0.141514
0 0.0869363 0.752647 0.142731 0.492993
0 0.263758 0.721009 0.108864 0.557981
0 0.554056 0.756551 0.143994 0.485637
0 0.63664 0.688557 0.107756 0.58422
26 0.711509 0.787444 0.0783666 0.213557
0 0.460439 0.685282 0.0669606 0.275337
0 0.748865 0.672043 0.0693634 0.425744
0 0.836777 0.736203 0.148696 0.522706
26 0.24215 0.844418 0.0579763 0.141514
0 0.0869363 0.752647 0.142731 0.492993
0 0.263758 0.721009 0.108864 0.557981
0 0.554056 0.756551 0.143994 0.485637
0 0.63664 0.688557 0.107756 0.58422
26 0.711509 0.787444 0.0783666 0.213557
0 0.460439 0.685282 0.0669606 0.275337
0 0.748865 0.672043 0.0693634 0.425744
0 0.836777 0.736203 0.148696 0.522706
26 0.24215 0.844418 0.0579763 0.141514
0 0.0869363 0.752647 0.142731 0.492993
0 0.263758 0.721009 0.108864 0.557981
0 0.554056 0.756551 0.143994 0.485637
0 0.63664 0.688557 0.107756 0.58422
26 0.711509 0.787444 0.0783666 0.213557
0 0.460439 0.685282 0.0669606 0.275337
0 0.748865 0.672043 0.0693634 0.425744
0 0.836777 0.736203 0.148696 0.522706
26 0.24215 0.844418 0.0579763 0.141514
0 0.0869275 0.752648 0.142749 0.492983
0 0.263762 0.721008 0.108866 0.557984
0 0.554058 0.75655 0.143994 0.485644
0 0.636648 0.688566 0.10777 0.584246
26 0.711509 0.787472 0.0783683 0.213493
0 0.460422 0.685283 0.0669392 0.275349
0 0.748861 0.672047 0.0693606 0.42582
0 0.83672 0.736199 0.148555 0.522732
26 0.242148 0.844412 0.0579645 0.141516
