0 0.18964 0.713939 0.117654 0.562828
0 0.708989 0.640058 0.0936947 0.461743
0 0.640444 0.662226 0.0739451 0.574189
0 0.0787932 0.747688 0.10501 0.50375
0 0.407912 0.6691 0.102225 0.420716
0 0.579849 0.734292 0.103178 0.514484
9 0.413522 0.353148 0.0710239 0.139369
0 0.894161 0.72012 0.199969 0.552846
0 0.0342354 0.747705 0.0675748 0.482143
0 0.18964 0.713939 0.117654 0.562828
0 0.708989 0.640058 0.0936947 0.461743
0 0.640444 0.662226 0.0739451 0.574189
0 0.0787932 0.747688 0.10501 0.50375
0 0.407912 0.6691 0.102225 0.420716
0 0.579849 0.734292 0.103178 0.514484
9 0.413522 0.353148 0.0710239 0.139369
0 0.894161 0.72012 0.199969 0.552846
0 0.0342354 0.747705 0.0675748 0.482143
0 0.18964 0.713945 0.117651 0.562829
0 0.708993 0.640052 0.0936928 0.461764
0 0.640448 0.662233 0.0739336 0.574191
0 0.0787834 0.747685 0.105016 0.50373
0 0.407909 0.669098 0.102208 0.420701
0 0.579818 0.734329 0.103139 0.514454
9 0.413523 0.353155 0.0710306 0.139375
0 0.894172 0.720122 0.199954 0.552844
0 0.0342371 0.74771 0.0675771 0.482139
