0 0.161678 0.714869 0.102199 0.570261
0 0.0599052 0.745721 0.110277 0.508558
0 0.681356 0.632013 0.0725875 0.437958
0 0.366776 0.735748 0.125808 0.528505
0 0.36692 0.734143 0.130453 0.528407
0 0.629134 0.664606 0.0922884 0.580076
0 0.838113 0.712577 0.158646 0.574847
0 0.458268 0.720618 0.110054 0.558642
26 0.151891 0.824952 0.0567027 0.134539
0 0.566369 0.736919 0.108733 0.523937
0 0.826994 0.713525 0.179447 0.57295
0 0.0190227 0.709337 0.0376321 0.407228
26 0.151011 0.826546 0.0552203 0.131917
0 0.562258 0.740152 0.103738 0.519695
0 0.0162885 0.712506 0.0323218 0.414927
0 0.161678 0.714869 0.102199 0.570261
0 0.0599052 0.745721 0.110277 0.508558
0 0.681356 0.632013 0.0725875 0.437958
0 0.366776 0.735748 0.125808 0.528505
0 0.36692 0.734143 0.130453 0.528407
0 0.629134 0.664606 0.0922884 0.580076
0 0.838113 0.712577 0.158646 0.574847
0 0.458268 0.720618 0.110054 0.558642
26 0.151891 0.824952 0.0567027 0.134539
0 0.566369 0.736919 0.108733 0.523937
0 0.826994 0.713525 0.179447 0.57295
0 0.0190227 0.709337 0.0376321 0.407228
26 0.151011 0.826546 0.0552203 0.131917
0 0.562258 0.740152 0.103738 0.519695
0 0.0162885 0.712506 0.0323218 0.414927
0 0.161678 0.714869 0.102199 0.570261
0 0.0599052 0.745721 0.110277 0.508558
0 0.681356 0.632013 0.0725875 0.437958
0 0.366776 0.735748 0.125808 0.528505
0 0.36692 0.734143 0.130453 0.528407
0 0.629134 0.664606 0.0922884 0.580076
0 0.838113 0.712577 0.158646 0.574847
0 0.458268 0.720618 0.110054 0.558642
26 0.151891 0.824952 0.0567027 0.134539
0 0.566369 0.736919 0.108733 0.523937
0 0.826994 0.713525 0.179447 0.57295
0 0.0190227 0.709337 0.0376321 0.407228
26 0.151011 0.826546 0.0552203 0.131917
0 0.562258 0.740152 0.103738 0.519695
0 0.0162885 0.712506 0.0323218 0.414927
0 0.161678 0.714869 0.102199 0.570261
0 0.0599052 0.745721 0.110277 0.508558
0 0.681356 0.632013 0.0725875 0.437958
0 0.366776 0.735748 0.125808 0.528505
0 0.36692 0.734143 0.130453 0.528407
0 0.629134 0.664606 0.0922884 0.580076
0 0.838113 0.712577 0.158646 0.574847
0 0.458268 0.720618 0.110054 0.558642
26 0.151891 0.824952 0.0567027 0.134539
0 0.566369 0.736919 0.108733 0.523937
0 0.826994 0.713525 0.179447 0.57295
0 0.0190227 0.709337 0.0376321 0.407228
26 0.151011 0.826546 0.0552203 0.131917
0 0.562258 0.740152 0.103738 0.519695
0 0.0162885 0.712506 0.0323218 0.414927
