0 0.0874151 0.752027 0.124126 0.48436
0 0.24778 0.711884 0.102649 0.571015
0 0.78616 0.686723 0.103096 0.437936
0 0.53566 0.745224 0.104699 0.507033
0 0.469463 0.691838 0.0589404 0.27399
0 0.88252 0.715618 0.115347 0.287689
26 0.235117 0.847543 0.0609685 0.134399
0 0.59979 0.679715 0.10338 0.576869
0 0.0226655 0.539294 0.0429611 0.145513
26 0.732921 0.796095 0.0822783 0.223651
0 0.0874151 0.752027 0.124126 0.48436
0 0.24778 0.711884 0.102649 0.571015
0 0.78616 0.686723 0.103096 0.437936
0 0.53566 0.745224 0.104699 0.507033
0 0.469463 0.691838 0.0589404 0.27399
0 0.88252 0.715618 0.115347 0.287689
26 0.235117 0.847543 0.0609685 0.134399
0 0.59979 0.679715 0.10338 0.576869
0 0.0226655 0.539294 0.0429611 0.145513
26 0.732921 0.796095 0.0822783 0.223651
