0 0.210943 0.710411 0.108247 0.572293
0 0.708451 0.641679 0.10083 0.477629
0 0.405793 0.669867 0.0710551 0.255714
0 0.497953 0.733343 0.111551 0.52602
0 0.628334 0.686125 0.161988 0.570254
0 0.837246 0.684003 0.0787724 0.229149
0 0.0911837 0.745237 0.107228 0.493
0 0.498987 0.734647 0.107156 0.52785
9 0.408252 0.355195 0.034235 0.138248
0 0.210943 0.710411 0.108247 0.572293
0 0.708451 0.641679 0.10083 0.477629
0 0.405793 0.669867 0.0710551 0.255714
0 0.497953 0.733343 0.111551 0.52602
0 0.628334 0.686125 0.161988 0.570254
0 0.837246 0.684003 0.0787724 0.229149
0 0.0911837 0.745237 0.107228 0.493
0 0.498987 0.734647 0.107156 0.52785
9 0.408252 0.355195 0.034235 0.138248
