0 0.698173 0.636743 0.101009 0.430803
0 0.0452904 0.749227 0.0899908 0.495029
0 0.132102 0.718756 0.100982 0.559797
0 0.624704 0.70374 0.133273 0.590074
0 0.132108 0.718077 0.10167 0.558415
0 0.223338 0.722218 0.102466 0.539018
0 0.974186 0.568532 0.0506677 0.357625
0 0.535403 0.726866 0.100561 0.49469
26 0.113367 0.813811 0.0440921 0.13161
0 0.307174 0.758557 0.101706 0.471437
0 0.698173 0.636743 0.101009 0.430803
0 0.0452904 0.749227 0.0899908 0.495029
0 0.132102 0.718756 0.100982 0.559797
0 0.624704 0.70374 0.133273 0.590074
0 0.132108 0.718077 0.10167 0.558415
0 0.223338 0.722218 0.102466 0.539018
0 0.974186 0.568532 0.0506677 0.357625
0 0.535403 0.726866 0.100561 0.49469
26 0.113367 0.813811 0.0440921 0.13161
0 0.307174 0.758557 0.101706 0.471437
0 0.698174 0.636736 0.10101 0.430804
0 0.0452913 0.749234 0.089995 0.495018
0 0.132095 0.718762 0.100997 0.559783
0 0.624707 0.703762 0.133259 0.590037
0 0.132104 0.718084 0.101684 0.558407
0 0.223332 0.722222 0.102453 0.539023
0 0.974186 0.568532 0.050668 0.357644
0 0.535394 0.726861 0.100559 0.494652
26 0.113366 0.813812 0.044088 0.131607
0 0.307158 0.758556 0.101704 0.471443
