0 0.164722 0.71455 0.102091 0.5709
0 0.0609279 0.744966 0.112427 0.510068
0 0.377962 0.733348 0.12021 0.533305
0 0.683956 0.637914 0.0710323 0.453927
0 0.630556 0.624014 0.0751863 0.520086
0 0.560685 0.736716 0.102067 0.517151
0 0.465102 0.710469 0.122523 0.579063
26 0.152976 0.825787 0.0530994 0.132333
0 0.847142 0.71651 0.192778 0.566981
0 0.0202592 0.707246 0.0401267 0.40116
0 0.164722 0.71455 0.102091 0.5709
0 0.0609279 0.744966 0.112427 0.510068
0 0.377962 0.733348 0.12021 0.533305
0 0.683956 0.637914 0.0710323 0.453927
0 0.630556 0.624014 0.0751863 0.520086
0 0.560685 0.736716 0.102067 0.517151
0 0.465102 0.710469 0.122523 0.579063
26 0.152976 0.825787 0.0530994 0.132333
0 0.847142 0.71651 0.192778 0.566981
0 0.0202592 0.707246 0.0401267 0.40116
0 0.164722 0.71455 0.102091 0.5709
0 0.0609279 0.744966 0.112427 0.510068
0 0.377962 0.733348 0.12021 0.533305
0 0.683956 0.637914 0.0710323 0.453927
0 0.630556 0.624014 0.0751863 0.520086
0 0.560685 0.736716 0.102067 0.517151
0 0.465102 0.710469 0.122523 0.579063
26 0.152976 0.825787 0.0530994 0.132333
0 0.847142 0.71651 0.192778 0.566981
0 0.0202592 0.707246 0.0401267 0.40116
0 0.164722 0.71455 0.102091 0.5709
0 0.0609279 0.744966 0.112427 0.510068
0 0.377962 0.733348 0.12021 0.533305
0 0.683956 0.637914 0.0710323 0.453927
0 0.630556 0.624014 0.0751863 0.520086
0 0.560685 0.736716 0.102067 0.517151
0 0.465102 0.710469 0.122523 0.579063
26 0.152976 0.825787 0.0530994 0.132333
0 0.847142 0.71651 0.192778 0.566981
0 0.0202592 0.707246 0.0401267 0.40116
0 0.164723 0.714549 0.102099 0.570901
0 0.0609322 0.744967 0.112452 0.510066
0 0.377916 0.733353 0.120127 0.533294
0 0.683957 0.637923 0.0710297 0.453932
0 0.630559 0.624013 0.07519 0.520067
0 0.560681 0.736717 0.102063 0.517159
0 0.465115 0.710521 0.122483 0.578957
26 0.152971 0.825791 0.0530837 0.132339
0 0.847247 0.716501 0.192612 0.566998
0 0.0202512 0.707271 0.0401106 0.401231
