0 0.0482539 0.758315 0.0961012 0.483369
0 0.206887 0.72183 0.118122 0.55634
0 0.46551 0.757831 0.146447 0.482842
0 0.774877 0.693686 0.11081 0.439751
0 0.546464 0.696133 0.115803 0.552156
0 0.918506 0.709942 0.0905247 0.270925
0 0.859009 0.729552 0.0898351 0.278076
0 0.925442 0.707608 0.083386 0.2647
24 0.72076 0.859267 0.0843775 0.127363
0 0.775523 0.695636 0.107501 0.445284
0 0.0482539 0.758315 0.0961012 0.483369
0 0.206887 0.72183 0.118122 0.55634
0 0.46551 0.757831 0.146447 0.482842
0 0.774877 0.693686 0.11081 0.439751
0 0.546464 0.696133 0.115803 0.552156
0 0.918506 0.709942 0.0905247 0.270925
0 0.859009 0.729552 0.0898351 0.278076
0 0.925442 0.707608 0.083386 0.2647
24 0.72076 0.859267 0.0843775 0.127363
0 0.775523 0.695636 0.107501 0.445284
0 0.0482539 0.758315 0.0961012 0.483369
0 0.206887 0.72183 0.118122 0.55634
0 0.46551 0.757831 0.146447 0.482842
0 0.774877 0.693686 0.11081 0.439751
0 0.546464 0.696133 0.115803 0.552156
0 0.918506 0.709942 0.0905247 0.270925
0 0.859009 0.729552 0.0898351 0.278076
0 0.925442 0.707608 0.083386 0.2647
24 0.72076 0.859267 0.0843775 0.127363
0 0.775523 0.695636 0.107501 0.445284
