0 0.24941 0.713458 0.10199 0.573084
0 0.0875534 0.754172 0.124127 0.488887
0 0.786475 0.687421 0.103327 0.4378
0 0.53566 0.745794 0.10489 0.508411
0 0.469448 0.691703 0.0591572 0.274274
0 0.882239 0.715684 0.114889 0.287969
0 0.600556 0.680144 0.101882 0.58231
0 0.0220038 0.540306 0.0434757 0.145694
26 0.235274 0.848309 0.0605301 0.130709
0 0.24941 0.713458 0.10199 0.573084
0 0.0875534 0.754172 0.124127 0.488887
0 0.786475 0.687421 0.103327 0.4378
0 0.53566 0.745794 0.10489 0.508411
0 0.469448 0.691703 0.0591572 0.274274
0 0.882239 0.715684 0.114889 0.287969
0 0.600556 0.680144 0.101882 0.58231
0 0.0220038 0.540306 0.0434757 0.145694
26 0.235274 0.848309 0.0605301 0.130709
0 0.24941 0.713458 0.10199 0.573084
0 0.0875534 0.754172 0.124127 0.488887
0 0.786475 0.687421 0.103327 0.4378
0 0.53566 0.745794 0.10489 0.508411
0 0.469448 0.691703 0.0591572 0.274274
0 0.882239 0.715684 0.114889 0.287969
0 0.600556 0.680144 0.101882 0.58231
0 0.0220038 0.540306 0.0434757 0.145694
26 0.235274 0.848309 0.0605301 0.130709
