0 0.288787 0.729771 0.119122 0.5296
0 0.143474 0.713892 0.0973228 0.569629
0 0.0669743 0.747892 0.133366 0.495949
0 0.718571 0.713263 0.159958 0.563629
26 0.115171 0.747629 0.0668608 0.418936
26 0.130526 0.810848 0.05609 0.145931
1 0.915933 0.65397 0.0521167 0.0717177
0 0.627869 0.528075 0.0646863 0.290474
0 0.670396 0.491136 0.0588248 0.174523
0 0.288787 0.729771 0.119122 0.5296
0 0.143474 0.713892 0.0973228 0.569629
0 0.0669743 0.747892 0.133366 0.495949
0 0.718571 0.713263 0.159958 0.563629
26 0.115171 0.747629 0.0668608 0.418936
26 0.130526 0.810848 0.05609 0.145931
1 0.915933 0.65397 0.0521167 0.0717177
0 0.627869 0.528075 0.0646863 0.290474
0 0.670396 0.491136 0.0588248 0.174523
