0 0.0632954 0.747197 0.120861 0.505607
0 0.750471 0.711479 0.196515 0.577042
0 0.568166 0.734974 0.116905 0.511987
0 0.331031 0.73853 0.130414 0.52294
0 0.152957 0.715037 0.103033 0.567833
0 0.633471 0.684679 0.0726353 0.603407
26 0.142585 0.821955 0.0534156 0.135119
0 0.680983 0.544915 0.0561035 0.278632
0 0.415298 0.684009 0.0797058 0.467694
0 0.153551 0.715406 0.103379 0.568401
0 0.325656 0.740012 0.115451 0.519976
1 0.929 0.650431 0.0475921 0.0760333
0 0.0632954 0.747197 0.120861 0.505607
0 0.750471 0.711479 0.196515 0.577042
0 0.568166 0.734974 0.116905 0.511987
0 0.331031 0.73853 0.130414 0.52294
0 0.152957 0.715037 0.103033 0.567833
0 0.633471 0.684679 0.0726353 0.603407
26 0.142585 0.821955 0.0534156 0.135119
0 0.680983 0.544915 0.0561035 0.278632
0 0.415298 0.684009 0.0797058 0.467694
0 0.153551 0.715406 0.103379 0.568401
0 0.325656 0.740012 0.115451 0.519976
1 0.929 0.650431 0.0475921 0.0760333
0 0.0632954 0.747197 0.120861 0.505607
0 0.750471 0.711479 0.196515 0.577042
0 0.568166 0.734974 0.116905 0.511987
0 0.331031 0.73853 0.130414 0.52294
0 0.152957 0.715037 0.103033 0.567833
0 0.633471 0.684679 0.0726353 0.603407
26 0.142585 0.821955 0.0534156 0.135119
0 0.680983 0.544915 0.0561035 0.278632
0 0.415298 0.684009 0.0797058 0.467694
0 0.153551 0.715406 0.103379 0.568401
0 0.325656 0.740012 0.115451 0.519976
1 0.929 0.650431 0.0475921 0.0760333
0 0.0632954 0.747197 0.120861 0.505607
0 0.750471 0.711479 0.196515 0.577042
0 0.568166 0.734974 0.116905 0.511987
0 0.331031 0.73853 0.130414 0.52294
0 0.152957 0.715037 0.103033 0.567833
0 0.633471 0.684679 0.0726353 0.603407
26 0.142585 0.821955 0.0534156 0.135119
0 0.680983 0.544915 0.0561035 0.278632
0 0.415298 0.684009 0.0797058 0.467694
0 0.153551 0.715406 0.103379 0.568401
0 0.325656 0.740012 0.115451 0.519976
1 0.929 0.650431 0.0475921 0.0760333
