0 0.0445593 0.758696 0.0887112 0.472776
0 0.463371 0.755884 0.138854 0.478541
0 0.769259 0.696266 0.120869 0.443833
0 0.924435 0.71149 0.0827227 0.265611
0 0.199748 0.724083 0.112786 0.546621
0 0.54288 0.69037 0.127366 0.564732
0 0.864968 0.734883 0.105432 0.285639
0 0.0445593 0.758696 0.0887112 0.472776
0 0.463371 0.755884 0.138854 0.478541
0 0.769259 0.696266 0.120869 0.443833
0 0.924435 0.71149 0.0827227 0.265611
0 0.199748 0.724083 0.112786 0.546621
0 0.54288 0.69037 0.127366 0.564732
0 0.864968 0.734883 0.105432 0.285639
