0 0.211356 0.715754 0.111784 0.562894
0 0.051475 0.752257 0.102792 0.489457
0 0.47858 0.750357 0.130642 0.486308
0 0.926635 0.700181 0.0848804 0.251365
0 0.557945 0.69937 0.0899684 0.533732
0 0.865189 0.730702 0.0986374 0.270167
0 0.776251 0.691146 0.107457 0.443305
0 0.551869 0.688366 0.106821 0.56975
0 0.211356 0.715754 0.111784 0.562894
0 0.051475 0.752257 0.102792 0.489457
0 0.47858 0.750357 0.130642 0.486308
0 0.926635 0.700181 0.0848804 0.251365
0 0.557945 0.69937 0.0899684 0.533732
0 0.865189 0.730702 0.0986374 0.270167
0 0.776251 0.691146 0.107457 0.443305
0 0.551869 0.688366 0.106821 0.56975
0 0.211352 0.715753 0.11179 0.562889
0 0.051475 0.752255 0.102791 0.48947
0 0.478585 0.750364 0.130633 0.486301
0 0.92664 0.700185 0.0848807 0.251384
0 0.557947 0.699368 0.0899563 0.533713
0 0.865163 0.730696 0.0985777 0.270204
0 0.77625 0.691135 0.107456 0.44331
0 0.55186 0.688376 0.106834 0.569736
