0 0.0630035 0.749988 0.115329 0.490637
0 0.225119 0.711959 0.113417 0.568761
0 0.507795 0.755243 0.094499 0.480199
0 0.93174 0.701307 0.0887773 0.259792
0 0.754584 0.686358 0.160259 0.439231
0 0.572718 0.699827 0.0796911 0.527075
0 0.867364 0.724951 0.0928371 0.271598
0 0.455116 0.725557 0.0523457 0.218412
0 0.782208 0.685883 0.103799 0.437316
0 0.883259 0.722089 0.121939 0.280005
0 0.0630035 0.749988 0.115329 0.490637
0 0.225119 0.711959 0.113417 0.568761
0 0.507795 0.755243 0.094499 0.480199
0 0.93174 0.701307 0.0887773 0.259792
0 0.754584 0.686358 0.160259 0.439231
0 0.572718 0.699827 0.0796911 0.527075
0 0.867364 0.724951 0.0928371 0.271598
0 0.455116 0.725557 0.0523457 0.218412
0 0.782208 0.685883 0.103799 0.437316
0 0.883259 0.722089 0.121939 0.280005
