0 0.0887531 0.754938 0.13667 0.488331
0 0.259862 0.71788 0.106494 0.560403
0 0.627821 0.691575 0.121 0.581937
0 0.461927 0.685729 0.0740089 0.278025
0 0.876438 0.735986 0.147037 0.522644
0 0.56088 0.75771 0.144436 0.48458
0 0.765971 0.677731 0.101919 0.439553
26 0.7174 0.790915 0.0791772 0.215261
26 0.241623 0.849748 0.0567319 0.138516
26 0.20795 0.840971 0.0280904 0.217245
0 0.566779 0.761402 0.133035 0.477196
0 0.0209555 0.544015 0.0409208 0.156457
0 0.0887531 0.754938 0.13667 0.488331
0 0.259862 0.71788 0.106494 0.560403
0 0.627821 0.691575 0.121 0.581937
0 0.461927 0.685729 0.0740089 0.278025
0 0.876438 0.735986 0.147037 0.522644
0 0.56088 0.75771 0.144436 0.48458
0 0.765971 0.677731 0.101919 0.439553
26 0.7174 0.790915 0.0791772 0.215261
26 0.241623 0.849748 0.0567319 0.138516
26 0.20795 0.840971 0.0280904 0.217245
0 0.566779 0.761402 0.133035 0.477196
0 0.0209555 0.544015 0.0409208 0.156457
0 0.0887531 0.754938 0.13667 0.488331
0 0.259862 0.71788 0.106494 0.560403
0 0.627821 0.691575 0.121 0.581937
0 0.461927 0.685729 0.0740089 0.278025
0 0.876438 0.735986 0.147037 0.522644
0 0.56088 0.75771 0.144436 0.48458
0 0.765971 0.677731 0.101919 0.439553
26 0.7174 0.790915 0.0791772 0.215261
26 0.241623 0.849748 0.0567319 0.138516
26 0.20795 0.840971 0.0280904 0.217245
0 0.566779 0.761402 0.133035 0.477196
0 0.0209555 0.544015 0.0409208 0.156457
0 0.0887517 0.754943 0.136674 0.488336
0 0.259866 0.717881 0.106499 0.560408
0 0.627812 0.69157 0.121001 0.581968
0 0.461921 0.685729 0.0740009 0.278025
0 0.876435 0.735995 0.147012 0.522637
0 0.560881 0.757716 0.144437 0.484567
0 0.76596 0.677728 0.101943 0.439556
26 0.7174 0.790922 0.0791789 0.21525
26 0.241623 0.849746 0.0567278 0.138523
26 0.207947 0.840974 0.0280915 0.217268
0 0.566789 0.761425 0.13302 0.47715
0 0.0209553 0.544021 0.0409192 0.156462
