0 0.207049 0.719899 0.118537 0.553754
0 0.46387 0.755281 0.142223 0.47882
0 0.774713 0.693785 0.111374 0.439859
0 0.545578 0.694588 0.117392 0.555594
0 0.918818 0.710436 0.0931191 0.270377
0 0.858476 0.728959 0.0882127 0.280961
24 0.720915 0.859297 0.0847274 0.127547
0 0.207049 0.719899 0.118537 0.553754
0 0.46387 0.755281 0.142223 0.47882
0 0.774713 0.693785 0.111374 0.439859
0 0.545578 0.694588 0.117392 0.555594
0 0.918818 0.710436 0.0931191 0.270377
0 0.858476 0.728959 0.0882127 0.280961
24 0.720915 0.859297 0.0847274 0.127547
0 0.207045 0.719899 0.118538 0.553754
0 0.46386 0.755293 0.14224 0.478802
0 0.77471 0.693783 0.111379 0.439874
0 0.545568 0.694571 0.11741 0.555642
0 0.918823 0.710443 0.0931155 0.270386
0 0.858476 0.728953 0.088215 0.280991
24 0.720915 0.859297 0.0847281 0.127551
