0 0.0903227 0.753492 0.137813 0.480486
0 0.25802 0.714929 0.108403 0.563871
0 0.624733 0.690468 0.116565 0.579907
0 0.466708 0.683905 0.0685062 0.278598
0 0.911749 0.75061 0.164466 0.491862
0 0.782657 0.68391 0.1062 0.43803
0 0.569112 0.75917 0.126883 0.466166
26 0.233992 0.755419 0.0705098 0.41607
26 0.242844 0.84557 0.0589172 0.143392
0 0.566131 0.745387 0.129347 0.4946
26 0.223904 0.748507 0.0633219 0.418082
0 0.0903227 0.753492 0.137813 0.480486
0 0.25802 0.714929 0.108403 0.563871
0 0.624733 0.690468 0.116565 0.579907
0 0.466708 0.683905 0.0685062 0.278598
0 0.911749 0.75061 0.164466 0.491862
0 0.782657 0.68391 0.1062 0.43803
0 0.569112 0.75917 0.126883 0.466166
26 0.233992 0.755419 0.0705098 0.41607
26 0.242844 0.84557 0.0589172 0.143392
0 0.566131 0.745387 0.129347 0.4946
26 0.223904 0.748507 0.0633219 0.418082
0 0.0903189 0.753497 0.137823 0.480487
0 0.258022 0.714934 0.108409 0.56386
0 0.624727 0.690467 0.116568 0.579917
0 0.466704 0.68391 0.0685073 0.278619
0 0.911779 0.750646 0.164425 0.491798
0 0.782662 0.683908 0.10619 0.438066
0 0.569114 0.759197 0.126883 0.466077
26 0.23399 0.755421 0.0705391 0.416152
26 0.242841 0.84556 0.0589139 0.143434
0 0.566138 0.745379 0.129352 0.494613
26 0.223907 0.748501 0.0633241 0.418134
