0 0.277833 0.727824 0.124287 0.538252
0 0.139601 0.713066 0.0997422 0.571697
0 0.354771 0.722337 0.092978 0.553505
0 0.719838 0.719717 0.12821 0.557808
0 0.0491463 0.74805 0.0948832 0.493382
26 0.114029 0.751363 0.0684701 0.431766
26 0.127277 0.809723 0.05575 0.141186
1 0.912827 0.650909 0.0498061 0.0707473
0 0.277833 0.727824 0.124287 0.538252
0 0.139601 0.713066 0.0997422 0.571697
0 0.354771 0.722337 0.092978 0.553505
0 0.719838 0.719717 0.12821 0.557808
0 0.0491463 0.74805 0.0948832 0.493382
26 0.114029 0.751363 0.0684701 0.431766
26 0.127277 0.809723 0.05575 0.141186
1 0.912827 0.650909 0.0498061 0.0707473
0 0.277833 0.727824 0.124287 0.538252
0 0.139601 0.713066 0.0997422 0.571697
0 0.354771 0.722337 0.092978 0.553505
0 0.719838 0.719717 0.12821 0.557808
0 0.0491463 0.74805 0.0948832 0.493382
26 0.114029 0.751363 0.0684701 0.431766
26 0.127277 0.809723 0.05575 0.141186
1 0.912827 0.650909 0.0498061 0.0707473
0 0.277833 0.727824 0.124287 0.538252
0 0.139601 0.713066 0.0997422 0.571697
0 0.354771 0.722337 0.092978 0.553505
0 0.719838 0.719717 0.12821 0.557808
0 0.0491463 0.74805 0.0948832 0.493382
26 0.114029 0.751363 0.0684701 0.431766
26 0.127277 0.809723 0.05575 0.141186
1 0.912827 0.650909 0.0498061 0.0707473
