0 0.173864 0.726405 0.118625 0.537628
0 0.031873 0.766047 0.0631718 0.456325
0 0.50414 0.680366 0.109244 0.5447
0 0.918016 0.716333 0.0855114 0.272179
0 0.424229 0.750692 0.0938778 0.486766
0 0.867809 0.743584 0.130498 0.284585
0 0.783104 0.712306 0.0889998 0.425833
0 0.173864 0.726405 0.118625 0.537628
0 0.031873 0.766047 0.0631718 0.456325
0 0.50414 0.680366 0.109244 0.5447
0 0.918016 0.716333 0.0855114 0.272179
0 0.424229 0.750692 0.0938778 0.486766
0 0.867809 0.743584 0.130498 0.284585
0 0.783104 0.712306 0.0889998 0.425833
