0 0.215322 0.710095 0.110987 0.579439
0 0.712219 0.644366 0.0896095 0.462098
0 0.0896109 0.75429 0.113667 0.484415
0 0.409777 0.669043 0.0767394 0.262944
0 0.633121 0.690886 0.156951 0.591652
0 0.794928 0.701379 0.110617 0.247748
0 0.523649 0.731485 0.106522 0.511096
26 0.203348 0.816409 0.0588037 0.132517
0 0.531629 0.739802 0.125154 0.519869
0 0.840296 0.686594 0.0783177 0.218713
0 0.215322 0.710095 0.110987 0.579439
0 0.712219 0.644366 0.0896095 0.462098
0 0.0896109 0.75429 0.113667 0.484415
0 0.409777 0.669043 0.0767394 0.262944
0 0.633121 0.690886 0.156951 0.591652
0 0.794928 0.701379 0.110617 0.247748
0 0.523649 0.731485 0.106522 0.511096
26 0.203348 0.816409 0.0588037 0.132517
0 0.531629 0.739802 0.125154 0.519869
0 0.840296 0.686594 0.0783177 0.218713
0 0.215322 0.710095 0.110987 0.579439
0 0.712219 0.644366 0.0896095 0.462098
0 0.0896109 0.75429 0.113667 0.484415
0 0.409777 0.669043 0.0767394 0.262944
0 0.633121 0.690886 0.156951 0.591652
0 0.794928 0.701379 0.110617 0.247748
0 0.523649 0.731485 0.106522 0.511096
26 0.203348 0.816409 0.0588037 0.132517
0 0.531629 0.739802 0.125154 0.519869
0 0.840296 0.686594 0.0783177 0.218713
0 0.215322 0.710095 0.110987 0.579439
0 0.712219 0.644366 0.0896095 0.462098
0 0.0896109 0.75429 0.113667 0.484415
0 0.409777 0.669043 0.0767394 0.262944
0 0.633121 0.690886 0.156951 0.591652
0 0.794928 0.701379 0.110617 0.247748
0 0.523649 0.731485 0.106522 0.511096
26 0.203348 0.816409 0.0588037 0.132517
0 0.531629 0.739802 0.125154 0.519869
0 0.840296 0.686594 0.0783177 0.218713
0 0.21532 0.710101 0.110973 0.579452
0 0.712223 0.644368 0.0895978 0.462104
0 0.0896163 0.754298 0.113665 0.48441
0 0.409774 0.669051 0.0767271 0.262939
0 0.633123 0.690878 0.156946 0.591668
0 0.794928 0.70138 0.110612 0.24776
0 0.523667 0.731459 0.106478 0.511014
26 0.203344 0.816405 0.0587949 0.132512
0 0.53166 0.739806 0.125163 0.519842
0 0.840281 0.686612 0.0782931 0.218749
