0 0.243588 0.708994 0.108816 0.580963
0 0.0768123 0.752282 0.134859 0.495435
0 0.565849 0.735599 0.0919642 0.51714
0 0.435831 0.673725 0.0797286 0.271579
26 0.225817 0.819528 0.0603421 0.134919
0 0.646173 0.731955 0.106725 0.472269
0 0.878053 0.691342 0.0717134 0.220738
0 0.729756 0.696513 0.0968767 0.451055
0 0.243588 0.708994 0.108816 0.580963
0 0.0768123 0.752282 0.134859 0.495435
0 0.565849 0.735599 0.0919642 0.51714
0 0.435831 0.673725 0.0797286 0.271579
26 0.225817 0.819528 0.0603421 0.134919
0 0.646173 0.731955 0.106725 0.472269
0 0.878053 0.691342 0.0717134 0.220738
0 0.729756 0.696513 0.0968767 0.451055
0 0.243588 0.708994 0.108816 0.580963
0 0.0768123 0.752282 0.134859 0.495435
0 0.565849 0.735599 0.0919642 0.51714
0 0.435831 0.673725 0.0797286 0.271579
26 0.225817 0.819528 0.0603421 0.134919
0 0.646173 0.731955 0.106725 0.472269
0 0.878053 0.691342 0.0717134 0.220738
0 0.729756 0.696513 0.0968767 0.451055
0 0.243588 0.708994 0.108816 0.580963
0 0.0768123 0.752282 0.134859 0.495435
0 0.565849 0.735599 0.0919642 0.51714
0 0.435831 0.673725 0.0797286 0.271579
26 0.225817 0.819528 0.0603421 0.134919
0 0.646173 0.731955 0.106725 0.472269
0 0.878053 0.691342 0.0717134 0.220738
0 0.729756 0.696513 0.0968767 0.451055
0 0.243594 0.708994 0.108813 0.580969
0 0.076818 0.752288 0.13487 0.495424
0 0.565844 0.735595 0.0919546 0.517118
0 0.435829 0.673734 0.0797206 0.271585
26 0.225814 0.819531 0.0603321 0.134915
0 0.646183 0.731955 0.106712 0.472253
0 0.878061 0.691372 0.0717263 0.220745
0 0.729759 0.69651 0.0968823 0.451069
