2 0.689582 0.640209 0.0682528 0.0865109
2 0.729093 0.627612 0.0501553 0.0667941
0 0.827253 0.66259 0.0359856 0.161789
0 0.82294 0.66251 0.0310088 0.15941
0 0.584328 0.669361 0.0451523 0.133816
2 0.689582 0.640209 0.0682528 0.0865109
2 0.729093 0.627612 0.0501553 0.0667941
0 0.827253 0.66259 0.0359856 0.161789
0 0.82294 0.66251 0.0310088 0.15941
0 0.584328 0.669361 0.0451523 0.133816
2 0.689571 0.640213 0.0682653 0.086519
2 0.729089 0.627617 0.0501496 0.0667969
0 0.827254 0.662586 0.0359756 0.161801
0 0.822938 0.662512 0.0309973 0.159412
0 0.584332 0.669365 0.0451504 0.133813
